13315 3
13316 3
13314 6
13312 5
13313 6
13317 2
13319 3
13320 3
13321 3
13318 6
13323 4
13322 4
13326 5
13324 5
13325 5
13327 5
13328 6
13329 6
13330 6
13331 6
13332 6
13333 6
13334 7
13335 7
13336 7
13337 8
13338 8
13339 8
13340 9
13341 9
13342 9
13343 9
13344 9
13345 11
13346 11
13347 11
13348 12
13349 16
13350 18
13351 4
13352 8
13353 8
13354 5
13355 6
13356 7
13357 8
13358 13
13359 17
13360 5
13361 5
13362 5
13363 5
13364 5
13365 5
13366 5
13367 5
13369 6
13368 6
13370 6
13371 6
13372 6
13373 6
13374 6
13376 6
13377 7
13378 7
13379 7
13380 7
13382 7
13381 7
13383 7
13384 7
13386 8
13385 8
13387 8
13375 6
13390 8
13389 8
13391 8
13393 8
13392 8
13395 8
13394 8
13396 8
13397 8
13398 8
13388 8
13400 9
13401 9
13399 9
13402 8
13403 9
13404 9
13407 9
13406 9
13405 9
13409 9
13408 9
13410 9
13411 10
13412 10
13414 10
13413 10
13415 10
13416 10
13417 10
13418 10
13419 10
13420 10
13421 10
13422 11
13423 11
13424 11
13425 11
13427 12
13426 11
13428 12
13430 12
13429 12
13431 12
13432 12
13433 12
13434 12
13435 13
13436 13
13437 13
13438 13
13439 13
13440 13
13441 13
13442 13
13443 14
13445 14
13444 14
13446 14
13447 14
13450 16
13448 13
13449 14
13451 14
13452 14
13453 14
13454 14
13455 14
13456 14
13457 15
13461 15
13460 15
13459 14
13458 15
13463 15
13464 15
13462 14
13466 16
13465 16
13467 16
13468 15
13469 16
13471 18
13470 17
13472 17
13473 19
13474 19
13477 20
13475 19
13478 20
13476 20
13481 23
13479 20
13480 21
13482 27
13483 6
13484 8
13485 10
13486 11
13487 16
13488 5
13489 5
13490 6
13493 7
13492 7
13491 7
13494 7
13497 20
13496 9
13495 7
13498 8
13499 11
13500 11
13501 12
13504 4
13503 22
13502 13
13506 9
13507 12
13508 15
13509 4
13510 6
13511 6
13513 8
13512 7
13514 8
13515 8
13516 8
13517 8
13519 9
13518 9
13520 10
13521 10
13522 10
13524 12
13523 11
13525 12
13505 4
13528 11
13527 14
13529 6
13526 12
13530 5
13532 5
13531 5
13535 7
13533 6
13536 7
13534 6
13537 8
13538 8
13539 8
13541 8
13540 8
13543 9
13542 8
13547 9
13544 9
13545 9
13546 9
13548 10
13550 10
13549 11
13551 10
13552 10
13553 11
13554 11
13555 11
13558 11
13556 11
13557 11
13559 12
13561 12
13560 12
13562 12
13563 12
13564 13
13565 13
13567 14
13566 14
13569 14
13568 14
13570 14
13573 15
13571 14
13572 14
13575 14
13574 14
13576 13
13579 16
13577 14
13578 15
13580 16
13581 16
13584 18
13582 18
13585 18
13583 17
13586 20
13588 6
13587 5
13590 6
13589 6
13591 7
13593 8
13592 7
13595 8
13594 8
13596 9
13597 10
13598 10
13599 10
13600 11
13601 12
13602 14
13603 17
13605 17
13604 17
13606 16
13608 11
13607 18
13609 12
13611 4
13612 8
13610 13
13613 11
13614 21
13615 7
13616 7
13617 10
13618 12
13619 12
13620 13
13621 14
13623 7
13625 4
13624 12
13626 6
13628 13
13630 2
13629 8
13631 3
13632 7
13633 8
13622 26
13634 6
13635 6
13636 6
13637 7
13638 7
13627 6
13639 7
13640 8
13641 8
13643 10
13644 10
13645 10
13648 14
13646 12
13642 9
13647 13
13652 24
13650 15
13649 14
13651 17
13653 4
13654 10
13655 11
13656 11
13658 4
13657 15
13659 4
13661 7
13663 9
13660 6
13665 14
13664 12
13662 8
13666 14
13668 5
13670 6
13667 5
13669 5
13671 6
13672 6
13675 7
13673 7
13674 7
13676 7
13677 7
13678 7
13679 7
13680 7
13682 7
13681 7
13683 7
13685 7
13686 7
13684 7
13687 8
13688 8
13689 8
13691 8
13690 8
13692 8
13693 7
13694 8
13695 8
13696 9
13697 9
13698 9
13700 9
13699 9
13701 9
13702 9
13703 9
13704 9
13705 9
13706 9
13707 9
13708 9
13709 9
13710 9
13711 10
13712 10
13713 10
13714 10
13715 10
13716 10
13717 10
13718 10
13719 10
13720 10
13721 10
13722 10
13723 10
13724 10
13728 11
13725 10
13729 11
13726 10
13727 11
13730 12
13732 11
13733 11
13731 11
13734 11
13735 11
13736 11
13738 11
13737 11
13739 11
13741 11
13740 11
13742 11
13743 11
13744 11
13745 11
13746 11
13747 11
13749 11
13748 10
13750 12
13754 12
13755 12
13751 12
13752 12
13757 12
13756 12
13758 12
13759 11
13760 12
13761 12
13762 12
13763 12
13764 12
13765 12
13753 12
13768 12
13766 12
13767 12
13769 12
13771 12
13773 12
13772 12
13774 12
13770 12
13775 12
13778 12
13777 12
13776 12
13780 13
13779 12
13781 13
13784 13
13785 13
13782 13
13783 13
13786 13
13787 13
13790 13
13788 13
13789 13
13792 13
13791 13
13793 12
13796 14
13794 14
13795 14
13797 13
13798 14
13799 14
13801 14
13802 15
13804 14
13803 14
13806 14
13805 14
13808 14
13807 13
13809 15
13810 15
13811 15
13813 15
13812 15
13814 15
13800 14
13815 17
13816 15
13818 15
13817 15
13821 14
13822 16
13820 16
13823 16
13824 15
13825 16
13819 14
13828 16
13827 15
13826 16
13829 17
13831 17
13833 16
13832 17
13834 18
13830 17
13835 18
13837 18
13836 18
13838 17
13839 17
13842 19
13840 19
13843 20
13841 19
13847 21
13844 20
13846 21
13845 20
13848 22
13849 22
13853 5
13854 5
13855 6
13851 25
13852 26
13850 22
13856 8
13857 8
13858 9
13859 10
13861 20
13860 15
13862 5
13863 7
13864 7
13865 7
13867 7
13868 7
13866 7
13869 7
13870 7
13871 7
13873 8
13874 8
13872 7
13875 8
13877 8
13880 9
13876 8
13879 8
13883 9
13882 9
13884 9
13878 9
13886 9
13885 9
13887 10
13889 10
13891 10
13892 10
13890 10
13881 9
13895 10
13893 10
13894 10
13897 11
13899 11
13888 10
13898 11
13896 11
13900 11
13901 11
13902 12
13905 12
13904 12
13906 12
13903 12
13907 12
13908 12
13912 12
13911 12
13909 12
13910 12
13913 13
13915 13
13914 13
13917 13
13918 13
13919 13
13916 13
13921 14
13920 14
13922 14
13923 14
13925 14
13926 14
13927 15
13928 15
13929 15
13924 14
13930 15
13931 15
13933 15
13935 15
13932 15
13934 15
13936 16
13937 16
13938 16
13940 16
13939 16
13941 16
13942 16
13943 17
13945 16
13946 17
13948 18
13947 18
13944 17
13951 19
13950 19
13949 18
13953 24
13954 25
13955 12
13952 20
13957 9
13956 15
13958 9
13959 9
13961 8
13963 14
13962 12
13964 14
13960 5
13965 18
13966 5
13968 6
13967 6
13969 6
13971 7
13970 7
13972 8
13973 8
13976 8
13974 8
13977 8
13975 8
13978 9
13979 9
13980 11
13981 11
13983 12
13982 11
13985 16
13984 13
13986 5
13987 6
13989 6
13988 6
13990 6
13992 6
13991 6
13993 7
13994 7
13995 6
13996 7
13997 7
13998 7
13999 7
14000 8
14001 8
14003 8
14002 8
14005 8
14004 8
14006 8
14007 8
14009 8
14008 8
14010 8
14011 8
14012 8
14014 8
14013 8
14015 8
14016 8
14017 8
14018 9
14019 9
14020 9
14021 9
14022 9
14024 9
14023 9
14025 9
14026 9
14027 9
14028 9
14029 10
14030 9
14031 10
14032 10
14034 10
14033 10
14035 10
14036 10
14038 10
14037 10
14039 10
14040 10
14042 10
14041 10
14043 10
14044 10
14046 10
14045 10
14047 10
14048 10
14050 10
14049 10
14051 10
14052 10
14053 11
14054 11
14055 11
14057 11
14056 10
14058 11
14060 11
14059 11
14061 11
14062 12
14064 12
14063 12
14065 12
14068 12
14067 12
14070 12
14071 12
14069 12
14072 12
14074 12
14073 12
14076 12
14077 12
14075 12
14078 12
14080 12
14079 12
14066 12
14081 12
14082 12
14083 12
14085 13
14086 12
14084 12
14088 13
14089 13
14090 13
14094 13
14092 13
14093 13
14091 13
14095 13
14096 13
14098 12
14099 12
14087 13
14097 13
14101 13
14100 13
14102 14
14103 14
14106 14
14107 14
14105 14
14104 14
14109 14
14111 14
14108 13
14110 14
14114 14
14113 14
14112 14
14116 15
14115 15
14117 15
14118 15
14122 16
14120 15
14121 15
14119 15
14123 16
14128 18
14126 17
14127 17
14124 16
14129 18
14125 16
14130 19
14131 19
14132 18
14133 19
14134 20
14135 20
14137 21
14136 19
14138 22
14140 16
14139 26
14141 6
14144 8
14143 7
14142 7
14145 9
14146 10
14147 10
14149 13
14151 16
14148 12
14150 15
14152 25
14153 4
14154 5
14155 5
14156 6
14157 6
14158 6
14159 7
14160 7
14161 7
14163 9
14162 8
14164 9
14165 9
14167 10
14166 9
14168 10
14169 10
14171 11
14170 9
14172 11
14173 11
14175 11
14174 11
14176 11
14177 11
14179 12
14180 13
14178 12
14182 13
14181 13
14183 13
14185 14
14184 13
14186 14
14187 14
14188 14
14189 15
14190 15
14191 15
14194 25
14193 20
14192 18
14195 5
14196 7
14197 8
14201 12
14199 12
14200 10
14198 8
14202 14
14203 15
14204 6
14205 7
14206 8
14207 8
14208 9
14209 9
14212 11
14211 11
14210 10
14213 11
14214 11
14215 12
14218 13
14216 12
14217 12
14219 5
14221 6
14220 6
14222 7
14224 8
14223 7
14225 8
14226 9
14229 9
14230 9
14227 9
14228 9
14232 10
14231 10
14234 12
14233 11
14235 12
14237 14
14236 14
14238 14
14239 15
14241 19
14242 4
14240 15
14243 7
14245 5
14244 5
14248 6
14246 5
14247 5
14249 6
14251 6
14250 6
14252 6
14254 6
14253 6
14255 6
14257 7
14256 7
14260 7
14259 7
14261 7
14263 7
14262 7
14264 7
14266 8
14265 8
14267 8
14268 8
14258 7
14270 8
14269 8
14271 8
14273 8
14272 8
14274 8
14275 8
14277 9
14276 9
14278 9
14279 10
14280 10
14281 10
14282 10
14283 10
14284 10
14285 10
14286 10
14287 10
14288 9
14292 10
14291 10
14290 10
14289 10
14294 10
14295 11
14293 10
14296 11
14297 11
14298 11
14300 11
14299 11
14302 11
14303 11
14301 11
14304 11
14305 11
14306 11
14308 11
14307 11
14310 12
14309 11
14311 12
14312 12
14313 12
14315 12
14314 12
14316 12
14317 12
14319 12
14318 12
14320 13
14321 13
14322 13
14323 13
14324 12
14325 13
14326 13
14329 14
14327 12
14328 13
14330 14
14331 14
14332 13
14333 14
14334 14
14335 13
14336 14
14337 14
14340 14
14339 14
14338 13
14341 15
14343 15
14342 15
14345 15
14344 15
14346 14
14347 15
14348 15
14352 15
14350 15
14349 15
14351 13
14353 16
14355 16
14354 16
14356 16
14357 14
14358 16
14359 15
14360 16
14363 16
14362 17
14361 17
14366 18
14367 18
14364 17
14365 18
14368 19
14369 19
14370 18
14371 19
14372 20
14373 21
14374 21
14375 22
14376 28
14378 4
14377 6
14379 10
14380 10
14381 12
14382 15
14383 5
14384 8
14385 11
14386 5
14387 5
14388 6
14389 6
14390 6
14391 6
14392 7
14394 7
14393 7
14395 7
14396 7
14398 8
14397 8
14399 9
14400 9
14403 9
14404 9
14402 9
14401 9
14405 9
14407 9
14406 9
14408 10
14409 11
14410 11
14411 11
14413 11
14412 11
14417 12
14416 12
14414 11
14415 12
14418 12
14419 12
14420 12
14421 11
14422 12
14423 13
14424 13
14426 13
14428 14
14425 13
14427 12
14429 13
14430 14
14431 14
14432 15
14433 15
14434 15
14435 16
14436 16
14437 17
14438 17
14441 22
14439 20
14440 20
14444 12
14442 22
14443 12
14445 14
14446 16
14447 6
14448 6
14449 6
14451 7
14450 7
14452 8
14453 8
14456 8
14454 8
14455 8
14457 8
14458 8
14460 9
14459 8
14462 9
14461 9
14463 9
14464 9
14465 9
14466 9
14467 10
14468 10
14469 10
14471 10
14470 10
14472 11
14474 11
14473 11
14475 11
14476 10
14477 11
14478 12
14479 12
14480 11
14482 14
14481 13
14483 14
14484 14
14488 15
14486 15
14485 14
14487 15
14489 16
14490 16
14491 16
14492 16
14493 19
14494 20
14495 5
14497 14
14499 15
14496 7
14498 15
14502 13
14501 9
14500 8
14503 4
14504 6
14506 6
14505 6
14507 6
14509 7
14508 7
14510 8
14512 8
14511 8
14514 8
14513 8
14515 9
14516 9
14517 9
14518 9
14521 10
14520 10
14519 9
14524 10
14522 11
14523 11
14525 12
14527 12
14526 12
14529 13
14528 13
14531 14
14530 13
14533 15
14535 8
14532 14
14534 22
14536 16
14538 6
14537 6
14540 8
14539 8
14542 8
14541 8
14543 12
14547 16
14544 12
14545 14
14546 15
14548 5
14551 7
14550 7
14549 6
14552 8
14553 8
14554 9
14555 9
14559 9
14556 9
14557 9
14558 9
14562 10
14560 9
14561 9
14564 11
14563 10
14566 11
14565 11
14569 11
14567 11
14570 12
14568 11
14571 12
14573 12
14572 12
14574 12
14577 14
14575 13
14576 14
14578 14
14579 15
14580 14
14581 15
14582 16
14584 19
14585 20
14583 17
14586 4
14587 6
14589 7
14588 6
14590 6
14591 6
14592 7
14593 8
14594 7
14595 7
14598 7
14596 7
14597 8
14599 7
14600 7
14601 7
14603 7
14602 7
14604 8
14605 9
14606 9
14607 8
14609 8
14608 9
14610 8
14611 8
14615 9
14613 8
14612 8
14614 8
14616 8
14619 9
14620 9
14618 9
14617 9
14621 9
14622 9
14626 9
14625 9
14627 10
14624 10
14623 10
14629 9
14630 9
14628 9
14633 10
14635 10
14631 9
14632 9
14634 10
14636 9
14637 9
14638 11
14639 10
14640 11
14641 10
14644 10
14645 11
14642 11
14646 10
14643 10
14647 10
14650 9
14648 10
14649 10
14651 11
14652 10
14653 10
14654 11
14655 11
14658 11
14657 12
14656 11
14659 11
14661 11
14663 11
14660 11
14662 11
14664 12
14665 11
14667 12
14666 11
14668 11
14669 11
14670 12
14672 12
14671 11
14673 12
14674 11
14676 11
14675 11
14677 12
14678 12
14679 11
14680 11
14682 11
14681 11
14683 11
14684 12
14685 12
14686 12
14687 12
14689 12
14688 12
14690 12
14691 13
14692 13
14693 12
14694 13
14695 12
14696 13
14697 11
14699 12
14701 13
14700 13
14702 13
14703 14
14705 13
14704 12
14707 13
14706 14
14708 13
14711 14
14710 14
14709 13
14712 14
14698 12
14714 13
14713 14
14715 14
14717 14
14716 14
14718 13
14719 14
14720 13
14721 14
14723 14
14724 15
14722 15
14725 14
14726 14
14727 14
14728 14
14729 15
14730 13
14731 14
14733 15
14732 16
14735 15
14734 15
14736 15
14737 14
14738 15
14739 15
14740 16
14741 14
14742 15
14743 16
14744 17
14745 16
14746 18
14748 16
14750 18
14749 18
14747 17
14751 18
14752 17
14754 16
14753 18
14755 19
14756 16
14757 19
14758 19
14759 19
14761 19
14760 20
14762 21
14763 22
14764 22
14766 6
14765 27
14767 7
14769 8
14768 8
14770 8
14773 10
14772 10
14771 9
14774 10
14775 11
14777 13
14776 12
14778 14
14779 15
14780 15
14781 17
14782 7
14784 7
14783 8
14785 9
14786 9
14789 5
14787 5
14788 5
14790 6
14791 6
14793 7
14792 6
14796 7
14795 7
14794 7
14798 7
14797 7
14799 7
14800 7
14801 7
14802 8
14804 8
14805 8
14803 8
14806 8
14807 9
14809 8
14808 10
14810 7
14811 9
14812 8
14813 9
14815 8
14814 8
14817 9
14818 9
14816 8
14819 9
14820 9
14822 9
14821 9
14824 9
14823 10
14825 9
14826 9
14827 9
14828 10
14830 9
14829 9
14831 9
14833 10
14834 10
14832 8
14835 11
14836 10
14839 10
14838 10
14840 10
14841 11
14837 10
14842 11
14843 11
14844 11
14845 11
14847 11
14846 11
14848 11
14849 11
14850 11
14851 11
14852 11
14853 10
14854 11
14856 11
14857 12
14858 12
14855 12
14860 12
14859 11
14861 13
14862 12
14863 12
14865 12
14866 12
14864 12
14867 12
14869 12
14868 12
14870 13
14872 12
14874 12
14873 13
14871 12
14875 13
14878 13
14876 13
14877 13
14881 13
14879 13
14880 13
14883 13
14882 13
14884 13
14886 13
14885 13
14888 13
14887 13
14889 12
14891 13
14890 13
14893 14
14892 13
14894 14
14895 13
14897 14
14896 13
14899 14
14898 13
14900 14
14901 14
14902 14
14904 14
14905 14
14907 15
14908 15
14909 14
14906 14
14910 14
14903 14
14911 14
14912 13
14914 14
14915 15
14913 14
14916 15
14917 15
14919 15
14918 15
14920 15
14921 15
14924 15
14923 16
14922 15
14925 15
14928 15
14926 15
14929 15
14931 17
14927 15
14930 16
14932 16
14933 16
14934 16
14936 16
14935 16
14938 16
14939 17
14937 16
14940 17
14941 17
14943 17
14942 17
14945 18
14944 18
14946 17
14947 18
14948 18
14949 18
14951 18
14950 18
14952 18
14953 18
14954 18
14955 18
14956 18
14959 20
14957 19
14958 20
14960 19
14961 20
14962 20
14963 21
14964 21
14965 23
14967 26
14968 25
14966 23
14969 16
14970 8
14971 10
14973 11
14974 12
14972 10
14975 7
14976 7
14977 8
14979 9
14978 8
14980 9
14982 9
14981 9
14985 10
14984 10
14983 10
14986 11
14987 11
14989 11
14988 11
14990 11
14992 12
14991 12
14994 12
14995 12
14996 12
14998 12
14997 12
15000 12
14999 12
15001 12
15003 13
15002 12
15004 13
14993 12
15005 13
15006 13
15008 14
15007 13
15010 13
15011 14
15012 14
15009 14
15013 15
15015 16
15016 16
15017 17
15018 16
15019 18
15020 18
15023 7
15021 20
15022 21
15024 10
15025 11
15014 15
15026 5
15027 5
15028 8
15029 9
15031 11
15032 12
15030 10
15033 15
15034 17
15035 23
15036 9
15038 10
15037 9
15039 10
15041 14
15042 15
15040 12
15044 8
15043 6
15045 8
15046 9
15047 9
15048 9
15049 10
15050 11
15052 11
15053 13
15051 11
15055 13
15054 13
15056 6
15058 7
15057 6
15060 7
15059 7
15061 7
15062 7
15063 7
15064 8
15065 8
15066 8
15067 9
15068 9
15069 9
15070 9
15071 9
15072 9
15073 9
15074 9
15075 9
15076 9
15079 10
15077 10
15078 10
15080 10
15082 10
15081 10
15083 10
15085 10
15084 10
15086 10
15088 11
15087 11
15091 11
15089 11
15090 11
15093 12
15092 11
15094 12
15095 12
15096 12
15099 12
15098 12
15097 12
15100 12
15102 12
15101 12
15104 12
15103 12
15106 13
15105 13
15107 13
15108 13
15110 13
15109 13
15111 11
15112 13
15113 13
15114 13
15115 13
15116 13
15119 14
15117 14
15118 14
15120 14
15121 14
15122 14
15124 15
15123 15
15126 15
15125 14
15127 16
15130 16
15129 16
15131 16
15128 17
15132 16
15134 16
15133 16
15136 17
15135 16
15137 17
15138 17
15139 18
15141 18
15142 17
15140 18
15143 18
15144 18
15145 19
15146 18
15147 20
15148 22
15149 21
15151 23
15153 16
15150 23
15152 6
15154 17
15155 8
15156 10
15158 11
15157 10
15159 11
15160 11
15161 10
15162 13
15163 13
15164 15
15166 15
15165 15
15167 16
15168 17
15169 6
15170 7
15172 7
15171 7
15174 7
15173 7
15175 8
15176 8
15177 7
15178 8
15179 8
15180 8
15181 8
15182 8
15183 8
15184 8
15185 9
15187 9
15186 9
15189 9
15188 9
15190 9
15191 9
15192 10
15194 10
15193 10
15195 10
15196 10
15197 10
15199 10
15198 10
15200 10
15201 10
15202 10
15203 10
15204 9
15205 10
15206 10
15207 10
15208 10
15209 11
15210 11
15212 11
15211 11
15213 11
15214 11
15215 11
15216 12
15217 11
15219 11
15218 11
15220 11
15222 11
15221 11
15223 11
15224 12
15225 12
15226 12
15227 12
15228 12
15229 12
15230 12
15231 12
15232 12
15233 12
15234 12
15236 12
15237 12
15235 12
15238 12
15239 12
15240 12
15243 12
15242 12
15241 12
15244 13
15245 13
15246 13
15247 13
15249 13
15248 13
15250 13
15251 13
15252 13
15253 13
15255 13
15254 13
15256 13
15257 13
15260 13
15259 13
15261 13
15262 13
15264 13
15263 13
15265 12
15266 13
15267 13
15268 14
15269 14
15270 14
15271 14
15272 14
15273 14
15274 14
15276 14
15275 14
15258 13
15277 14
15278 14
15279 14
15280 14
15282 14
15281 13
15283 14
15284 13
15285 14
15286 14
15287 14
15288 13
15289 14
15291 13
15290 14
15292 14
15293 14
15294 14
15295 14
15296 15
15297 14
15298 15
15299 15
15301 15
15300 15
15303 15
15302 15
15304 14
15306 15
15305 15
15307 15
15308 14
15309 15
15312 15
15310 15
15311 15
15313 15
15314 15
15315 16
15316 16
15318 16
15317 16
15319 16
15320 16
15321 16
15323 16
15322 16
15325 17
15326 17
15327 16
15328 15
15329 16
15330 16
15331 15
15332 16
15333 16
15334 16
15335 16
15336 16
15337 16
15338 17
15339 17
15340 16
15341 17
15324 15
15342 17
15343 17
15344 17
15345 17
15346 17
15347 16
15348 17
15349 16
15351 18
15353 18
15352 18
15350 17
15354 18
15356 17
15355 18
15357 18
15359 19
15358 18
15360 19
15361 19
15362 19
15363 19
15364 19
15365 18
15366 19
15367 19
15368 18
15369 20
15370 20
15371 20
15372 20
15373 20
15374 20
15375 20
15376 18
15377 20
15378 20
15379 20
15380 21
15381 20
15382 20
15383 22
15384 22
15385 23
15386 22
15387 22
15388 23
15390 7
15389 7
15391 8
15392 8
15393 8
15394 8
15396 9
15395 10
15397 9
15398 9
15399 9
15400 9
15401 10
15402 10
15403 10
15404 10
15405 10
15406 11
15407 11
15408 11
15409 11
15410 12
15411 12
15412 12
15413 12
15415 10
15414 12
15416 12
15417 13
15418 13
15419 13
15420 13
15421 13
15422 13
15423 14
15426 15
15425 14
15424 14
15427 15
15429 16
15431 17
15428 16
15430 17
15432 17
15435 20
15433 17
15434 19
15436 22
15437 23
15439 6
15438 25
15440 7
15442 9
15441 7
15443 9
15444 9
15445 12
15446 12
15447 14
15448 18
15450 8
15449 6
15451 8
15452 8
15453 8
15454 9
15456 9
15455 9
15457 10
15458 11
15459 11
15461 12
15460 12
15462 12
15463 12
15464 12
15465 12
15466 13
15467 13
15468 13
15469 13
15472 14
15475 14
15473 13
15474 14
15471 14
15470 13
15476 15
15477 16
15478 16
15479 16
15481 20
15482 20
15483 23
15484 7
15486 10
15487 10
15488 11
15485 8
15480 17
15491 12
15492 13
15490 12
15489 12
15493 14
15495 16
15494 16
15496 16
15498 18
15499 9
15501 8
15500 6
15502 8
15503 8
15504 8
15505 8
15506 9
15507 10
15508 11
15509 11
15510 11
15511 11
15497 17
15512 11
15515 12
15513 11
15514 11
15517 12
15519 12
15518 12
15516 12
15520 13
15521 13
15524 14
15522 13
15523 13
15525 14
15529 14
15526 14
15527 13
15528 13
15533 16
15531 16
15534 16
15535 18
15537 19
15538 17
15530 16
15532 16
15536 18
15539 10
15540 8
15543 16
15542 15
15545 5
15544 4
15541 11
15546 5
15547 6
15549 6
15548 5
15551 6
15550 7
15552 7
15553 7
15554 7
15555 7
15556 7
15557 7
15559 7
15558 7
15560 7
15561 7
15562 7
15563 8
15564 8
15565 8
15566 8
15567 8
15569 8
15570 8
15572 8
15571 8
15573 8
15575 8
15574 9
15577 9
15576 9
15578 9
15579 11
15582 9
15580 9
15581 9
15568 8
15584 9
15583 11
15585 9
15586 9
15589 10
15587 9
15588 10
15590 10
15591 10
15592 10
15593 10
15597 10
15595 10
15596 10
15594 10
15599 10
15598 10
15601 9
15600 10
15602 10
15603 10
15604 10
15606 11
15607 11
15608 10
15610 11
15611 11
15605 11
15609 11
15612 12
15613 11
15615 11
15614 10
15617 11
15616 11
15618 11
15619 11
15620 11
15622 11
15623 11
15621 11
15624 11
15625 11
15627 11
15629 11
15626 11
15628 11
15630 11
15632 12
15631 12
15633 12
15634 12
15636 12
15635 12
15638 12
15639 12
15637 11
15640 12
15642 12
15643 13
15644 12
15645 14
15646 12
15649 12
15647 12
15648 12
15650 12
15652 12
15651 12
15641 12
15653 13
15654 12
15656 13
15655 13
15658 13
15657 13
15659 12
15660 13
15661 13
15662 13
15663 13
15664 13
15665 13
15666 13
15668 13
15667 13
15669 13
15672 13
15673 12
15671 13
15670 13
15675 13
15676 14
15677 14
15674 13
15678 14
15679 14
15680 14
15681 13
15683 14
15686 14
15687 14
15685 14
15689 14
15688 14
15691 15
15692 15
15693 15
15682 14
15694 15
15695 14
15697 15
15684 14
15698 15
15696 15
15690 15
15699 15
15701 15
15700 14
15704 16
15705 15
15703 16
15707 15
15706 15
15702 15
15708 15
15709 16
15710 16
15713 16
15714 16
15712 16
15711 16
15715 16
15716 16
15718 15
15720 17
15721 15
15719 15
15722 15
15725 15
15723 16
15724 16
15726 15
15717 16
15728 16
15727 16
15730 17
15729 17
15732 17
15731 17
15733 17
15734 17
15735 17
15736 17
15738 17
15739 16
15737 16
15740 17
15741 18
15742 18
15743 18
15744 18
15745 18
15746 17
15747 18
15748 19
15750 18
15749 19
15752 19
15751 18
15753 18
15754 19
15755 19
15756 20
15757 20
15759 19
15758 19
15760 20
15761 20
15762 21
15764 21
15763 20
15765 21
15766 21
15769 22
15768 21
15767 22
15770 22
15774 24
15773 23
15771 22
15772 23
15775 24
15777 6
15778 6
15776 26
15779 7
15780 7
15782 8
15781 7
15783 8
15786 8
15785 8
15784 8
15787 9
15788 9
15792 9
15791 9
15789 9
15790 9
15793 9
15794 9
15795 10
15798 10
15796 10
15799 10
15797 10
15800 10
15801 11
15802 11
15803 11
15804 11
15806 11
15808 11
15807 11
15805 11
15809 11
15810 12
15811 12
15813 12
15812 12
15814 12
15815 12
15818 12
15816 12
15817 12
15819 12
15821 12
15820 12
15823 13
15822 13
15824 13
15825 13
15826 13
15827 13
15828 13
15829 13
15830 13
15832 13
15834 13
15833 13
15831 13
15835 13
15836 13
15840 14
15837 13
15838 13
15839 13
15841 14
15843 14
15844 14
15842 13
15845 14
15846 14
15848 14
15850 14
15849 14
15851 15
15852 14
15853 14
15855 15
15856 14
15854 15
15857 15
15858 15
15860 16
15859 16
15847 14
15862 16
15861 16
15865 15
15863 16
15866 16
15867 16
15868 16
15864 15
15869 16
15870 17
15871 17
15873 17
15874 16
15872 17
15876 18
15875 17
15877 17
15880 20
15878 19
15881 19
15879 19
15882 20
15883 20
15885 21
15888 23
15887 23
15884 20
15886 22
15889 27
15890 8
15892 10
15891 8
15894 9
15893 14
15895 10
15896 11
15898 8
15897 12
15899 9
15900 12
15901 8
15902 8
15903 10
15904 10
15905 10
15906 14
15909 21
15907 17
15908 18
15910 4
15911 10
15913 7
15912 6
15914 7
15915 8
15919 8
15917 8
15918 8
15920 9
15924 9
15921 9
15922 9
15923 9
15925 10
15926 10
15916 8
15928 10
15927 10
15930 11
15929 11
15932 11
15934 11
15933 11
15931 11
15935 11
15936 11
15937 12
15940 14
15938 12
15942 13
15939 12
15943 13
15944 13
15945 14
15946 14
15947 13
15949 15
15948 15
15950 15
15952 15
15941 13
15953 16
15951 15
15954 16
15955 16
15956 17
15960 18
15957 17
15958 17
15959 18
15961 19
15962 20
15965 7
15964 8
15963 23
15967 7
15966 7
15968 7
15969 8
15971 8
15970 8
15974 8
15973 8
15972 8
15975 8
15978 8
15977 8
15976 8
15980 9
15979 9
15981 9
15984 9
15983 9
15985 10
15982 9
15987 10
15986 10
15988 10
15989 10
15991 11
15992 10
15990 9
15993 11
15994 11
15995 11
15996 11
15999 11
15998 11
16000 11
15997 11
16002 12
16001 11
16003 11
16004 12
16007 15
16006 12
16005 12
16009 14
16008 13
16010 13
16011 13
16012 13
16015 14
16014 14
16013 13
16016 14
16017 14
16018 14
16019 14
16020 15
16021 15
16022 14
16023 15
16027 16
16025 15
16024 15
16026 15
16028 16
16032 18
16030 16
16029 17
16031 17
16033 19
16036 20
16035 20
16034 19
16037 20
16038 20
16041 6
16040 6
16039 24
16042 6
16043 6
16044 7
16045 7
16047 7
16046 7
16049 9
16050 8
16051 8
16048 8
16052 8
16054 8
16053 8
16055 9
16057 9
16056 9
16059 8
16058 9
16060 9
16065 10
16063 11
16061 9
16064 10
16062 9
16066 10
16069 10
16068 10
16071 10
16070 10
16075 11
16072 10
16074 11
16073 11
16076 11
16077 11
16078 11
16067 11
16080 11
16079 11
16082 12
16081 12
16084 12
16088 12
16086 12
16085 12
16087 13
16083 12
16089 12
16090 12
16092 12
16094 13
16091 12
16095 13
16093 13
16097 13
16096 13
16100 12
16101 13
16099 13
16102 13
16098 13
16104 15
16105 14
16108 15
16106 14
16107 14
16111 15
16110 15
16109 15
16113 14
16103 14
16112 15
16114 15
16115 14
16116 15
16117 16
16118 16
16120 16
16119 16
16122 17
16121 16
16124 16
16123 16
16126 18
16127 17
16125 16
16129 17
16128 16
16130 17
16132 19
16131 19
16134 19
16133 18
16136 23
16135 19
16138 9
16137 9
16139 10
16140 10
16141 11
16142 11
16144 14
16145 14
16143 12
16146 14
16148 14
16149 18
16147 15
16150 26
16151 6
16152 7
16153 7
16156 9
16157 9
16155 8
16154 8
16159 9
16158 9
16160 9
16161 10
16163 10
16165 10
16164 10
16162 10
16167 11
16166 10
16168 11
16170 11
16169 10
16171 12
16173 12
16174 12
16172 12
16176 12
16175 12
16178 13
16177 13
16179 13
16180 13
16182 13
16181 13
16183 13
16185 13
16184 14
16186 14
16188 15
16189 15
16187 15
16191 16
16190 15
16192 16
16193 16
16195 16
16194 16
16197 16
16198 17
16196 16
16199 17
16203 23
16201 18
16200 18
16202 21
16204 22
16207 14
16208 15
16205 9
16206 13
16209 17
16210 12
16211 15
16212 16
16213 7
16215 7
16214 7
16216 9
16217 9
16218 9
16219 10
16220 10
16223 12
16222 11
16224 12
16221 11
16225 13
16226 13
16227 13
16228 13
16230 15
16229 14
16231 14
16232 14
16235 18
16233 16
16234 17
16237 19
16240 13
16238 20
16239 23
16236 18
16241 7
16242 7
16243 8
16244 8
16246 8
16245 8
16247 9
16248 9
16250 8
16249 9
16251 9
16252 9
16254 10
16253 10
16256 10
16255 10
16257 10
16258 10
16262 10
16259 10
16260 10
16261 9
16263 10
16264 10
16266 11
16265 10
16267 11
16268 11
16269 11
16270 10
16271 11
16273 11
16272 11
16274 11
16276 11
16275 12
16277 12
16278 12
16280 12
16279 12
16281 12
16283 12
16282 13
16284 12
16285 12
16287 12
16286 12
16288 12
16289 12
16291 13
16290 13
16292 13
16294 13
16293 13
16296 13
16295 13
16297 13
16298 14
16299 14
16300 14
16302 14
16301 14
16303 14
16304 14
16305 14
16306 15
16307 14
16310 14
16308 14
16309 14
16311 15
16312 15
16313 15
16314 15
16315 14
16316 14
16317 14
16318 15
16320 15
16319 13
16321 15
16322 16
16323 16
16324 16
16327 16
16325 16
16326 16
16328 16
16329 17
16332 18
16331 18
16330 17
16333 18
16335 18
16336 18
16334 17
16337 19
16338 19
16341 21
16342 21
16339 19
16340 20
16344 21
16343 21
16347 24
16345 23
16346 24
16348 28
16349 7
16350 9
16351 10
16352 11
16353 11
16354 13
16355 14
16356 14
16357 15
16358 16
16360 21
16359 19
16361 25
16362 8
16363 9
16366 10
16367 11
16365 10
16364 9
16368 11
16369 12
16370 13
16372 14
16371 13
16373 14
16375 14
16376 16
16374 15
16377 17
16378 20
16381 9
16380 9
16379 8
16382 10
16383 10
16384 10
16385 11
16386 11
16387 12
16389 12
16388 13
16390 15
16391 16
16393 17
16392 14
16395 21
16394 19
16397 29
16396 23
16398 7
16400 8
16399 7
16401 8
16403 8
16402 8
16404 8
16405 9
16406 9
16408 9
16407 9
16411 9
16409 9
16410 9
16412 9
16415 10
16413 9
16414 9
16417 10
16416 10
16418 10
16421 10
16422 10
16419 10
16420 10
16423 11
16424 11
16425 11
16426 11
16427 11
16428 11
16429 11
16430 11
16432 12
16431 12
16434 12
16433 12
16435 12
16436 12
16440 12
16439 12
16441 12
16442 12
16444 12
16443 12
16445 11
16446 12
16447 12
16449 13
16438 12
16450 13
16451 13
16448 12
16437 12
16453 13
16454 13
16452 13
16456 13
16457 13
16455 13
16458 13
16461 14
16459 14
16462 14
16463 14
16460 14
16464 13
16466 14
16469 14
16465 14
16468 14
16467 14
16470 14
16472 15
16471 15
16473 15
16474 15
16475 14
16476 15
16477 15
16478 15
16481 15
16480 15
16479 14
16482 16
16483 16
16485 15
16484 16
16486 16
16487 16
16488 15
16489 16
16490 16
16491 17
16492 17
16493 17
16494 17
16495 17
16496 17
16497 17
16498 17
16499 15
16500 18
16501 18
16502 18
16503 18
16505 18
16507 20
16506 18
16504 18
16508 20
16509 20
16510 19
16511 21
16512 21
16514 23
16513 22
16515 22
16516 25
16517 30
16519 9
16518 8
16520 11
16521 14
16522 16
16523 17
16525 20
16524 17
16526 24
16527 10
16528 10
16529 11
16530 11
16531 12
16532 13
16533 14
16534 6
16535 7
16536 8
16537 7
16538 9
16539 9
16540 9
16541 9
16542 9
16543 10
16544 10
16545 10
16547 11
16546 10
16548 10
16549 10
16550 10
16551 10
16552 10
16553 11
16554 11
16555 11
16556 11
16558 11
16557 11
16560 12
16559 11
16561 12
16562 12
16563 12
16565 12
16564 12
16566 12
16567 13
16568 13
16571 13
16569 13
16570 13
16572 13
16573 13
16576 13
16574 13
16575 13
16577 13
16578 13
16579 13
16580 13
16581 13
16582 13
16583 13
16584 14
16585 14
16586 13
16587 14
16588 14
16589 14
16590 14
16592 14
16591 14
16593 15
16594 15
16595 15
16597 15
16598 15
16596 14
16599 15
16601 16
16604 16
16602 16
16603 15
16605 16
16606 16
16600 16
16607 17
16609 17
16608 16
16610 17
16611 17
16612 18
16615 16
16613 17
16614 17
16616 17
16618 18
16617 18
16619 18
16620 17
16621 18
16622 17
16624 19
16623 18
16627 20
16625 20
16626 20
16628 20
16629 21
16630 21
16631 21
16632 22
16634 24
16633 22
16635 26
16636 6
16637 8
16638 8
16639 8
16640 8
16643 9
16641 9
16642 9
16644 10
16646 10
16645 11
16647 11
16648 11
16649 11
16651 12
16650 11
16652 12
16653 12
16654 12
16656 13
16655 11
16657 12
16659 13
16660 13
16658 12
16661 13
16662 13
16663 14
16664 14
16665 14
16666 15
16667 15
16669 15
16670 15
16671 17
16672 17
16673 17
16675 19
16674 18
16676 20
16677 28
16668 14
16679 7
16680 8
16681 8
16682 8
16683 8
16684 8
16685 8
16686 9
16687 9
16688 9
16689 9
16690 9
16678 7
16691 9
16693 9
16692 9
16694 10
16695 10
16698 11
16696 10
16697 10
16699 11
16701 11
16700 11
16703 11
16704 11
16707 11
16706 11
16708 11
16705 11
16711 11
16710 11
16702 11
16712 11
16713 11
16715 12
16714 11
16716 12
16718 12
16717 11
16720 12
16719 12
16722 11
16721 12
16709 11
16724 13
16726 13
16725 13
16723 12
16729 13
16730 13
16727 13
16728 13
16731 13
16732 13
16733 13
16736 14
16735 13
16734 13
16737 14
16738 14
16739 14
16740 14
16742 13
16743 14
16741 14
16744 14
16745 14
16746 14
16747 14
16748 15
16750 15
16751 15
16754 15
16753 15
16755 15
16756 15
16758 15
16759 15
16757 15
16760 15
16749 15
16761 16
16763 15
16765 16
16762 16
16752 15
16767 15
16766 17
16764 16
16768 17
16770 18
16769 18
16771 17
16774 18
16773 18
16775 18
16772 18
16776 20
16777 20
16778 21
16779 21
16781 21
16782 22
16780 21
16784 30
16785 7
16783 22
16786 8
16787 9
16789 9
16788 9
16791 10
16790 9
16793 10
16794 11
16795 11
16792 10
16796 11
16799 11
16797 11
16798 11
16801 12
16800 11
16802 12
16803 12
16804 12
16807 13
16808 13
16805 12
16809 13
16806 13
16810 14
16811 14
16813 15
16815 16
16812 15
16814 15
16816 16
16817 16
16818 16
16819 15
16820 16
16821 17
16822 17
16823 17
16824 17
16825 17
16828 16
16827 16
16826 17
16830 19
16831 19
16833 22
16832 20
16835 8
16836 8
16834 6
16838 9
16837 9
16840 10
16839 10
16841 10
16842 10
16829 18
16843 11
16844 12
16845 12
16846 13
16849 13
16850 14
16848 13
16847 13
16851 17
16854 9
16852 18
16855 10
16853 19
16856 10
16857 10
16858 10
16859 10
16860 10
16861 10
16863 11
16862 11
16864 11
16865 11
16866 11
16867 11
16868 11
16869 11
16870 11
16872 12
16871 12
16873 12
16874 12
16875 12
16876 12
16877 12
16879 12
16878 12
16880 12
16881 12
16883 12
16884 12
16882 12
16885 13
16887 13
16886 13
16888 13
16889 13
16891 13
16890 13
16893 13
16892 13
16894 13
16896 13
16895 13
16898 12
16899 14
16897 14
16901 14
16902 14
16900 14
16903 14
16905 14
16906 14
16904 14
16908 14
16907 14
16910 15
16911 15
16909 14
16913 14
16912 15
16916 15
16914 15
16918 15
16917 15
16915 15
16919 15
16920 15
16921 15
16923 15
16922 15
16924 15
16925 15
16926 15
16929 15
16930 15
16927 15
16928 15
16931 15
16934 15
16932 15
16933 15
16935 18
16936 14
16937 15
16939 16
16938 16
16941 15
16942 16
16943 16
16940 16
16945 16
16944 16
16946 16
16947 16
16948 16
16950 16
16952 17
16951 16
16954 17
16955 17
16953 17
16956 17
16957 17
16959 16
16958 17
16960 17
16961 17
16962 17
16965 17
16963 17
16966 17
16964 17
16949 16
16967 17
16969 18
16968 18
16970 18
16971 18
16972 17
16973 18
16974 18
16975 19
16976 18
16977 18
16979 18
16978 18
16980 18
16981 18
16983 18
16982 18
16984 18
16985 18
16986 18
16987 18
16988 19
16989 19
16990 19
16991 19
16992 19
16993 19
16995 19
16994 19
16996 19
16997 20
16998 21
16999 21
17000 21
17001 21
17003 21
17004 21
17002 21
17006 22
17007 21
17008 21
17005 21
17011 23
17010 23
17013 23
17009 22
17012 23
17014 24
17015 25
17016 27
17018 9
17019 10
17021 11
17020 10
17023 11
17022 11
17024 11
17025 12
17026 12
17027 12
17028 12
17029 12
17017 30
17031 13
17030 12
17032 13
17034 13
17035 13
17036 13
17033 13
17038 14
17039 14
17037 13
17040 14
17042 14
17045 14
17041 14
17043 15
17044 14
17046 15
17047 15
17048 15
17049 15
17052 17
17050 15
17053 17
17051 16
17054 17
17058 17
17056 15
17057 17
17059 17
17060 18
17063 18
17062 18
17061 19
17064 18
17065 18
17068 19
17055 17
17069 20
17070 20
17071 20
17072 21
17067 19
17066 18
17073 23
17074 23
17075 25
17077 8
17079 9
17080 9
17076 25
17078 9
17081 9
17083 10
17082 10
17086 10
17087 10
17088 10
17089 10
17090 10
17091 10
17085 10
17084 10
17092 10
17093 10
17094 10
17095 10
17097 11
17096 11
17098 11
17099 11
17102 11
17100 10
17104 11
17101 11
17105 11
17103 11
17106 11
17107 11
17108 11
17111 12
17109 12
17110 12
17112 12
17113 12
17114 12
17116 12
17117 12
17115 12
17119 13
17118 12
17120 13
17121 13
17123 13
17122 13
17124 13
17125 13
17126 13
17128 14
17127 14
17129 14
17130 13
17131 12
17132 14
17133 14
17134 14
17135 14
17136 14
17137 14
17139 15
17138 14
17141 15
17140 15
17142 15
17146 15
17143 15
17144 15
17145 15
17150 15
17148 15
17149 15
17151 15
17147 15
17153 15
17152 15
17154 15
17155 15
17158 15
17157 16
17156 15
17159 16
17161 16
17160 16
17162 16
17163 15
17164 17
17165 17
17166 17
17167 17
17168 17
17170 17
17169 17
17171 17
17172 17
17174 18
17173 17
17175 18
17176 17
17177 17
17179 18
17180 19
17181 19
17182 19
17183 19
17184 19
17185 19
17186 19
17187 20
17188 20
17189 20
17190 20
17191 20
17192 20
17178 18
17193 20
17195 22
17196 22
17197 21
17198 23
17200 24
17199 23
17201 23
17202 23
17203 25
17204 25
17194 22
17206 6
17205 27
17207 8
17208 7
17209 8
17210 9
17211 9
17212 10
17215 12
17213 11
17214 12
17216 13
17218 9
17217 15
17219 10
17220 11
17221 11
17222 11
17223 10
17224 11
17225 11
17226 12
17227 14
17229 19
17228 14
17231 5
17230 22
17232 8
17233 9
17235 9
17234 9
17236 9
17237 10
17238 10
17239 10
17240 11
17242 12
17243 13
17244 13
17241 12
17246 14
17245 13
17248 15
17249 16
17247 14
17251 18
17253 21
17252 19
17250 17
17254 23
17255 10
17257 10
17256 10
17259 11
17258 11
17260 11
17262 12
17261 11
17264 12
17265 13
17263 12
17266 14
17268 14
17267 14
17269 12
17270 14
17272 16
17271 15
17273 16
17275 18
17274 17
17276 18
17277 22
17280 11
17278 10
17279 10
17281 11
17283 11
17282 11
17284 11
17287 12
17286 11
17285 11
17288 12
17290 12
17289 12
17292 13
17291 13
17294 13
17293 13
17295 13
17298 14
17296 14
17297 14
17299 14
17300 16
17302 18
17301 16
17303 18
17306 21
17305 20
17304 19
17307 9
17308 12
17310 9
17309 12
17311 9
17313 10
17312 9
17314 9
17316 13
17315 10
17317 13
17320 14
17319 14
17318 14
17321 14
17322 14
17323 15
17325 16
17324 16
17326 17
17327 17
17328 18
17333 11
17329 21
17331 10
17330 7
17332 10
17336 13
17334 11
17335 12
17337 13
17338 14
17341 14
17342 14
17340 14
17344 15
17345 16
17346 15
17343 15
17339 14
17347 16
17348 17
17349 17
17350 17
17351 17
17352 18
17353 18
17354 22
17355 13
17356 6
17357 6
17358 7
17359 7
17362 8
17360 8
17363 8
17361 10
17364 8
17368 8
17365 8
17367 8
17366 8
17370 8
17369 8
17372 7
17371 8
17373 8
17374 9
17376 9
17377 9
17375 9
17378 9
17380 9
17379 9
17381 9
17383 10
17382 10
17384 10
17385 10
17387 10
17386 10
17389 10
17388 10
17390 10
17391 11
17393 11
17392 11
17395 11
17396 11
17394 11
17397 11
17398 11
17399 11
17401 11
17400 11
17402 11
17403 11
17404 12
17405 12
17407 12
17408 12
17406 12
17409 11
17410 12
17411 12
17412 12
17414 12
17413 12
17415 12
17416 12
17418 12
17420 12
17419 12
17421 13
17422 13
17423 13
17425 13
17424 13
17426 13
17427 13
17428 13
17430 13
17417 12
17432 13
17431 12
17436 14
17433 13
17435 14
17434 11
17437 14
17438 14
17440 13
17439 14
17442 14
17444 13
17429 13
17441 16
17443 14
17445 14
17446 14
17448 14
17449 14
17450 14
17447 14
17451 15
17452 15
17454 15
17453 15
17456 14
17457 15
17458 15
17455 15
17459 15
17460 13
17461 15
17462 16
17464 16
17463 16
17465 17
17466 16
17468 16
17467 16
17469 17
17470 17
17472 17
17471 16
17474 17
17475 17
17476 18
17473 17
17479 19
17478 18
17477 17
17480 19
17481 20
17482 19
17484 21
17483 21
17486 21
17488 11
17487 21
17489 18
17485 21
17490 9
17491 13
17492 10
17493 11
17494 14
17495 15
17498 10
17496 15
17497 10
17499 11
17500 15
17503 21
17501 14
17504 8
17502 16
17505 9
17506 9
17508 10
17507 9
17511 11
17509 9
17510 11
17512 11
17513 11
17515 12
17514 12
17516 12
17517 12
17518 12
17519 13
17520 13
17521 14
17522 14
17523 14
17524 14
17526 14
17525 14
17527 14
17528 14
17531 15
17529 14
17530 15
17532 16
17533 16
17534 16
17537 17
17538 17
17535 17
17536 17
17539 16
17541 17
17540 17
17543 18
17542 18
17547 11
17546 10
17545 20
17544 18
17549 16
17550 16
17548 16
17553 3
17552 21
17551 18
17554 5
17555 5
17556 5
17559 6
17557 6
17558 6
17560 6
17561 6
17562 7
17564 7
17563 7
17566 7
17565 7
17567 7
17569 7
17568 7
17570 7
17571 7
17573 7
17572 7
17574 7
17575 8
17577 8
17578 8
17576 8
17579 8
17580 8
17582 8
17581 8
17583 8
17584 9
17587 9
17585 9
17589 9
17588 9
17590 9
17591 9
17592 9
17594 9
17593 9
17595 9
17596 9
17597 9
17586 9
17599 9
17601 9
17598 9
17600 9
17602 10
17603 10
17605 10
17604 10
17606 10
17607 10
17608 10
17612 10
17613 10
17611 10
17614 10
17615 10
17616 10
17617 10
17618 10
17609 9
17610 10
17620 10
17619 10
17621 10
17622 10
17623 11
17624 11
17625 11
17626 11
17627 11
17628 11
17629 11
17631 11
17632 11
17630 11
17633 11
17634 11
17637 11
17636 11
17638 11
17639 11
17640 11
17641 11
17642 11
17644 11
17643 11
17645 11
17647 12
17635 11
17648 12
17646 12
17649 13
17651 12
17650 12
17653 12
17654 12
17652 12
17656 12
17655 12
17657 12
17660 13
17658 12
17661 13
17659 12
17662 13
17663 13
17665 13
17666 13
17664 13
17668 13
17667 12
17669 13
17670 13
17672 13
17671 13
17673 13
17674 13
17675 13
17676 13
17677 13
17678 13
17679 13
17681 14
17683 14
17682 13
17684 14
17685 14
17687 13
17688 14
17686 14
17689 14
17690 14
17691 14
17692 14
17693 15
17694 14
17696 14
17695 14
17697 14
17698 14
17699 14
17700 14
17701 14
17702 14
17703 14
17704 14
17705 14
17706 14
17708 14
17709 15
17710 15
17711 15
17712 15
17713 15
17714 15
17715 15
17707 14
17716 15
17719 15
17717 15
17718 15
17720 15
17721 14
17724 15
17722 14
17723 15
17725 15
17726 15
17729 15
17728 15
17727 15
17730 15
17732 15
17731 15
17733 15
17735 15
17734 16
17736 16
17737 16
17739 16
17738 16
17740 16
17680 14
17741 16
17742 17
17743 16
17744 16
17745 16
17747 17
17746 17
17748 17
17750 16
17749 17
17751 17
17752 17
17753 17
17754 17
17755 17
17756 17
17757 17
17759 19
17760 18
17758 18
17761 17
17763 17
17764 17
17762 17
17765 18
17767 18
17769 19
17766 19
17768 19
17770 19
17771 19
17772 19
17773 19
17774 19
17775 19
17776 19
17778 19
17777 19
17779 20
17780 20
17781 20
17782 20
17783 21
17784 21
17787 22
17785 21
17786 21
17788 22
17789 22
17790 22
17792 24
17791 25
17793 25
17794 26
17795 24
17796 26
17797 27
17798 27
17799 32
17802 10
17803 10
17800 8
17801 9
17804 10
17805 10
17807 11
17806 10
17808 12
17809 12
17810 13
17811 13
17813 13
17812 13
17815 15
17814 13
17816 16
17818 18
17817 16
17820 20
17819 18
17821 7
17822 9
17825 10
17823 9
17824 9
17826 10
17828 11
17827 10
17829 11
17830 11
17832 11
17831 11
17833 11
17836 11
17834 12
17835 11
17838 12
17837 12
17841 12
17840 12
17842 12
17843 12
17844 12
17845 12
17846 13
17847 13
17848 13
17849 13
17839 12
17850 13
17851 13
17854 13
17852 13
17853 13
17857 14
17855 13
17856 14
17858 14
17859 14
17860 14
17862 14
17861 14
17863 14
17865 14
17864 14
17866 14
17868 15
17870 15
17869 15
17873 15
17871 15
17872 15
17874 14
17875 15
17876 15
17877 14
17878 15
17879 16
17880 16
17883 16
17881 16
17882 16
17867 15
17885 15
17884 16
17887 17
17886 16
17890 16
17889 17
17888 17
17891 17
17892 17
17894 16
17893 17
17895 17
17896 17
17897 17
17899 17
17898 17
17900 16
17901 17
17902 17
17903 17
17904 17
17905 18
17907 18
17906 18
17908 18
17909 19
17910 18
17911 19
17913 19
17914 19
17915 19
17916 20
17917 20
17918 20
17922 21
17921 20
17920 20
17923 21
17925 22
17924 20
17912 19
17927 22
17928 22
17930 23
17929 22
17931 23
17919 20
17932 22
17926 22
17934 28
17933 24
17937 11
17936 10
17935 8
17938 13
17940 15
17941 10
17939 14
17944 16
17943 12
17945 19
17942 12
17947 7
17948 8
17950 8
17949 8
17951 9
17946 8
17952 9
17955 11
17953 10
17954 10
17956 10
17957 10
17958 10
17959 10
17960 11
17961 11
17962 11
17964 11
17963 12
17968 11
17967 12
17966 10
17965 11
17969 13
17970 12
17972 13
17971 13
17973 13
17975 12
17974 13
17976 13
17978 13
17977 13
17979 13
17981 13
17982 13
17983 13
17980 13
17984 13
17985 13
17986 13
17988 14
17990 14
17987 14
17989 14
17991 14
17992 14
17993 14
17995 14
17994 14
17996 14
17998 15
18001 15
17999 15
18000 15
17997 14
18003 15
18004 16
18005 16
18006 16
18007 16
18008 16
18009 17
18010 17
18002 15
18011 17
18012 15
18013 17
18016 17
18015 17
18017 17
18020 16
18019 17
18018 17
18022 18
18021 18
18023 19
18024 19
18025 18
18027 21
18026 21
18014 17
18028 22
18029 22
18031 23
18032 23
18030 22
18034 9
18033 26
18036 13
18035 10
18037 12
18038 12
18039 10
18040 10
18041 11
18042 11
18043 11
18044 12
18045 12
18046 12
18047 12
18048 13
18049 13
18050 14
18051 14
18052 15
18054 15
18053 15
18056 13
18055 16
18057 16
18058 17
18059 17
18060 12
18062 18
18061 18
18063 19
18065 19
18064 19
18066 19
18069 26
18067 19
18071 11
18070 31
18073 13
18074 13
18072 13
18075 14
18076 15
18077 15
18078 15
18079 15
18080 15
18081 16
18068 21
18082 16
18084 16
18083 16
18085 17
18086 17
18088 19
18087 18
18090 20
18089 19
18091 20
18092 19
18094 9
18093 24
18095 9
18096 9
18097 10
18098 10
18099 11
18100 11
18101 11
18102 11
18103 11
18104 11
18107 11
18105 11
18106 11
18108 11
18109 11
18110 11
18112 11
18111 11
18113 11
18114 11
18115 11
18116 12
18117 12
18119 10
18118 12
18120 12
18121 12
18124 12
18123 12
18125 12
18122 12
18126 12
18127 12
18128 12
18129 12
18130 12
18131 12
18132 13
18133 13
18134 13
18136 13
18137 13
18138 13
18135 13
18139 13
18140 13
18141 14
18142 14
18143 14
18144 14
18145 14
18146 14
18147 14
18149 14
18148 14
18151 14
18152 14
18150 14
18153 15
18154 15
18155 15
18156 15
18157 15
18158 15
18160 15
18161 15
18162 15
18163 15
18164 15
18166 15
18168 15
18167 15
18165 15
18169 16
18171 16
18172 16
18173 16
18170 16
18159 15
18176 17
18174 17
18175 17
18177 17
18179 18
18181 18
18180 19
18178 17
18182 18
18183 17
18184 18
18185 18
18186 18
18187 19
18189 19
18190 19
18191 18
18192 18
18194 19
18193 19
18195 19
18196 19
18188 19
18197 19
18199 20
18198 20
18201 21
18200 19
18202 21
18203 21
18205 21
18204 21
18207 22
18206 21
18208 22
18209 22
18210 23
18212 8
18211 6
18214 8
18213 9
18215 12
18218 9
18217 18
18216 13
18219 10
18221 12
18222 14
18223 15
18224 17
18220 12
18225 18
18227 8
18226 22
18228 11
18230 13
18229 12
18234 15
18232 14
18233 14
18231 14
18235 16
18236 16
18237 16
18238 16
18239 16
18241 17
18240 17
18243 21
18242 17
18245 10
18244 25
18246 11
18249 12
18248 12
18247 11
18250 15
18251 15
18252 15
18253 16
18254 16
18257 19
18258 21
18259 22
18256 18
18260 24
18261 25
18262 11
18263 11
18264 11
18265 11
18266 12
18267 12
18268 14
18270 15
18255 18
18269 15
18271 16
18272 17
18276 19
18275 18
18274 18
18277 19
18278 19
18273 18
18279 11
18280 12
18282 12
18281 12
18283 12
18284 12
18285 12
18286 12
18287 12
18289 13
18290 13
18288 13
18291 14
18293 14
18292 14
18294 15
18295 15
18296 14
18297 15
18298 15
18299 15
18300 15
18301 15
18302 15
18304 16
18307 17
18306 16
18305 16
18303 15
18309 17
18308 16
18310 17
18311 18
18312 19
18313 20
18314 22
18316 10
18315 23
18317 12
18318 12
18319 13
18321 10
18320 13
18322 13
18323 14
18324 14
18326 10
18325 21
18327 10
18328 10
18329 11
18330 11
18331 11
18332 11
18333 12
18334 12
18336 12
18339 12
18340 12
18337 12
18341 13
18338 12
18342 13
18335 12
18344 13
18345 13
18343 13
18346 13
18347 14
18348 14
18350 14
18349 14
18352 14
18354 14
18351 14
18356 15
18353 14
18357 15
18355 15
18358 15
18359 15
18360 15
18361 16
18363 16
18362 16
18364 16
18366 17
18367 17
18365 17
18369 18
18368 16
18370 18
18371 18
18372 18
18374 17
18373 18
18376 20
18375 19
18378 20
18380 21
18379 20
18377 20
18382 22
18381 22
18383 22
18384 23
18386 24
18385 24
18387 9
18388 9
18390 10
18389 10
18393 11
18392 11
18391 11
18394 11
18395 11
18399 12
18398 11
18396 11
18397 11
18400 12
18401 12
18402 12
18405 12
18406 12
18407 12
18408 12
18409 12
18410 11
18411 12
18412 12
18413 12
18414 13
18415 13
18416 13
18417 13
18418 13
18419 13
18404 12
18403 12
18421 14
18422 14
18420 14
18426 14
18425 14
18423 14
18427 14
18424 14
18428 15
18429 14
18431 15
18430 15
18433 15
18432 15
18434 15
18435 15
18437 15
18436 15
18439 15
18438 15
18440 15
18442 15
18444 15
18441 15
18446 16
18445 16
18447 16
18448 16
18450 16
18451 16
18452 16
18453 17
18449 16
18454 16
18455 17
18443 15
18456 17
18457 17
18460 16
18458 17
18461 17
18459 17
18462 18
18463 18
18467 19
18464 18
18465 18
18466 17
18468 19
18469 18
18471 18
18470 19
18472 20
18473 20
18474 21
18477 23
18476 21
18475 21
18478 23
18479 24
18480 24
18482 12
18481 28
18485 12
18483 12
18484 12
18486 12
18487 13
18488 13
18490 13
18491 15
18489 13
18492 16
18493 17
18495 19
18494 17
18497 23
18496 20
18499 9
18498 9
18500 9
18502 11
18501 10
18504 11
18503 11
18505 11
18506 11
18508 11
18509 11
18510 11
18507 11
18511 12
18514 12
18513 12
18512 12
18515 13
18516 13
18517 13
18518 13
18519 13
18520 14
18521 14
18522 14
18523 14
18525 15
18524 15
18527 15
18526 15
18528 16
18529 16
18530 16
18532 15
18531 16
18533 17
18534 17
18535 17
18536 16
18537 17
18538 17
18539 17
18540 18
18541 17
18544 18
18543 18
18542 18
18545 18
18546 19
18547 19
18549 19
18548 19
18550 20
18551 20
18552 20
18553 22
18554 22
18555 22
18557 26
18556 24
18558 27
18559 31
18560 7
18561 8
18562 9
18563 15
18564 20
18565 13
18566 14
18567 15
18568 20
18569 20
18570 6
18571 6
18573 7
18572 7
18574 7
18575 7
18576 8
18578 9
18577 8
18579 9
18580 9
18581 9
18582 9
18583 9
18584 9
18586 10
18585 10
18588 11
18587 10
18589 11
18590 11
18591 11
18592 10
18593 12
18594 13
18595 13
18596 13
18597 13
18598 14
18599 14
18600 14
18601 14
18602 15
18604 15
18603 14
18605 15
18606 16
18607 17
18608 17
18609 18
18610 23
18611 4
18612 5
18613 6
18615 6
18614 6
18616 7
18617 6
18618 7
18619 8
18620 8
18621 13
18622 8
18623 8
18624 8
18625 8
18626 8
18627 9
18629 9
18630 9
18632 14
18631 9
18633 14
18634 10
18635 10
18636 10
18637 10
18628 9
18638 10
18639 10
18640 10
18641 11
18642 11
18643 12
18644 12
18645 12
18647 12
18646 17
18648 13
18649 13
18650 13
18651 13
18652 13
18653 13
18654 14
18655 14
18656 14
18657 15
18658 16
18659 22
18660 22
18661 9
18662 9
18664 10
18663 10
18665 11
18666 11
18667 11
18668 11
18669 11
18670 12
18671 12
18672 11
18673 12
18675 12
18674 12
18676 13
18677 13
18679 13
18678 13
18680 13
18681 13
18682 14
18684 15
18683 14
18685 15
18686 15
18687 15
18688 15
18689 16
18690 16
18691 16
18693 16
18694 16
18695 16
18696 16
18697 16
18698 16
18699 15
18700 17
18702 19
18701 18
18692 16
18703 19
18704 19
18705 18
18706 19
18707 20
18708 21
18709 22
18710 22
18711 24
18712 24
18713 28
18714 11
18715 10
18716 11
18718 12
18717 12
18719 12
18720 12
18721 13
18724 14
18722 13
18723 13
18725 14
18728 14
18729 14
18726 14
18727 14
18730 14
18732 15
18731 15
18734 15
18733 15
18735 15
18736 15
18738 15
18737 15
18739 16
18740 16
18741 16
18743 17
18742 16
18744 17
18745 17
18748 17
18746 17
18747 17
18750 18
18749 18
18751 18
18752 18
18753 18
18754 18
18756 18
18755 18
18757 18
18758 18
18759 18
18760 18
18762 19
18761 19
18763 19
18764 19
18765 19
18766 19
18767 20
18768 18
18769 19
18770 20
18771 19
18772 20
18773 19
18774 20
18775 20
18776 20
18778 20
18777 19
18779 20
18780 20
18781 21
18782 21
18783 20
18785 21
18786 21
18784 20
18787 21
18788 21
18790 20
18789 21
18791 22
18792 22
18793 21
18795 22
18796 21
18798 23
18797 22
18799 23
18800 23
18801 23
18803 23
18802 23
18805 24
18804 23
18806 24
18807 24
18794 22
18808 25
18810 9
18809 29
18812 9
18811 9
18816 11
18814 10
18815 10
18817 11
18818 15
18820 17
18821 17
18822 25
18819 16
18824 12
18823 10
18825 12
18827 17
18826 13
18828 11
18829 11
18830 12
18813 10
18831 12
18834 13
18832 12
18833 12
18837 14
18836 13
18839 14
18838 14
18835 13
18840 14
18841 14
18842 14
18843 14
18844 15
18846 15
18845 15
18847 15
18848 15
18851 16
18849 16
18852 16
18850 16
18854 16
18855 16
18856 16
18858 17
18853 16
18857 16
18859 16
18860 17
18862 17
18861 17
18863 18
18864 19
18866 21
18865 20
18868 21
18867 19
18869 22
18870 9
18871 10
18875 5
18872 12
18874 4
18873 4
18876 6
18877 6
18879 6
18880 6
18878 10
18881 7
18882 7
18883 7
18885 8
18884 8
18886 8
18888 8
18887 8
18891 9
18889 9
18890 9
18892 9
18893 9
18894 9
18895 9
18897 10
18898 10
18899 10
18901 10
18902 10
18900 10
18903 11
18904 11
18905 11
18907 12
18906 12
18909 12
18910 12
18896 10
18912 13
18911 12
18913 13
18908 12
18915 13
18914 13
18918 14
18916 14
18919 15
18917 14
18922 15
18921 13
18925 16
18924 16
18926 18
18927 19
18928 20
18930 11
18923 16
18920 15
18931 12
18932 12
18933 12
18936 13
18935 13
18934 12
18937 13
18929 10
18938 13
18942 16
18939 14
18941 15
18943 16
18940 15
18944 16
18945 17
18946 17
18947 18
18948 19
18949 20
18950 19
18952 22
18953 25
18954 33
18955 11
18956 12
18957 12
18958 13
18959 14
18951 20
18960 14
18961 14
18962 14
18963 14
18964 14
18965 14
18968 15
18966 14
18967 15
18969 15
18973 16
18971 16
18970 16
18972 16
18974 17
18975 17
18976 17
18978 17
18979 17
18977 16
18980 16
18982 18
18981 18
18983 18
18984 17
18985 17
18986 18
18988 19
18987 19
18991 18
18992 20
18989 19
18993 20
18994 22
18995 22
18996 22
18997 23
18999 24
18998 22
19003 52
18990 19
19001 26
19000 24
19002 36
19005 11
19006 11
19007 12
19004 21
19009 20
19008 15
19012 13
19010 13
19013 14
19011 13
19014 14
19015 14
19016 16
19018 17
19019 20
19017 16
19021 21
19022 22
19020 21
19023 23
19024 12
19025 12
19028 13
19027 13
19026 12
19029 13
19030 13
19031 13
19032 13
19033 14
19035 14
19036 14
19037 14
19038 14
19040 15
19041 16
19043 16
19042 16
19044 16
19045 15
19047 16
19034 14
19039 15
19048 17
19046 16
19049 17
19052 17
19051 17
19054 17
19050 17
19053 17
19056 18
19055 17
19057 18
19060 18
19062 19
19061 18
19058 18
19059 18
19063 19
19066 19
19065 19
19067 19
19068 19
19064 18
19069 20
19070 20
19072 21
19073 21
19071 21
19074 21
19075 21
19076 20
19077 22
19078 22
19080 22
19079 22
19081 24
19082 25
19083 24
19084 26
19086 27
19085 26
19090 14
19089 14
19087 13
19091 14
19092 16
19093 17
19096 18
19095 18
19094 18
19097 19
19098 19
19099 21
19100 22
19088 14
19101 22
19102 13
19103 13
19105 19
19107 20
19104 17
19106 19
19109 23
19111 12
19108 21
19110 12
19112 12
19113 13
19114 14
19115 16
19116 16
19117 18
19118 19
19119 19
19120 22
19121 12
19122 12
19123 13
19124 13
19125 13
19127 14
19126 14
19128 14
19129 14
19130 14
19131 14
19132 14
19136 15
19133 14
19135 15
19134 14
19137 15
19138 15
19139 16
19140 16
19141 16
19143 16
19142 15
19144 16
19145 16
19146 16
19147 17
19148 17
19149 17
19150 17
19152 17
19151 17
19156 18
19153 17
19154 17
19155 17
19157 18
19158 18
19159 18
19160 18
19161 18
19162 17
19163 18
19166 19
19165 18
19168 19
19164 18
19167 19
19170 19
19169 19
19171 19
19172 19
19173 18
19176 19
19174 19
19175 19
19177 20
19180 21
19178 20
19179 20
19181 21
19182 21
19184 21
19183 21
19185 21
19186 22
19188 22
19187 22
19190 24
19189 24
19191 25
19192 11
19193 12
19194 13
19195 13
19196 13
19197 13
19199 14
19200 14
19198 14
19202 14
19201 14
19203 14
19204 15
19205 15
19206 16
19207 16
19208 16
19209 16
19210 16
19212 17
19211 17
19213 17
19214 17
19216 17
19215 17
19217 18
19218 18
19220 18
19219 18
19221 18
19224 19
19222 18
19223 18
19225 19
19227 19
19226 19
19229 20
19228 19
19230 23
19232 17
19231 24
19233 17
19234 10
19236 12
19235 11
19237 12
19238 12
19239 12
19240 12
19241 13
19242 12
19245 14
19243 13
19244 13
19248 13
19246 12
19249 13
19250 13
19247 13
19251 13
19253 14
19255 14
19254 14
19257 14
19256 15
19258 14
19259 14
19260 15
19262 15
19261 15
19263 15
19252 13
19264 14
19265 16
19267 16
19266 15
19268 16
19269 16
19270 17
19272 16
19271 16
19273 17
19274 16
19276 18
19278 17
19280 18
19277 18
19281 18
19282 18
19283 18
19275 17
19284 17
19285 20
19286 19
19279 17
19287 19
19289 20
19288 20
19290 20
19292 20
19291 19
19293 21
19294 22
19295 20
19296 21
19298 22
19297 23
19299 22
19300 21
19301 22
19302 24
19303 26
19304 26
19305 27
19306 15
19308 16
19309 18
19307 15
19310 19
19311 14
19312 17
19314 17
19316 12
19315 26
19318 13
19317 13
19319 14
19321 14
19320 14
19322 14
19323 14
19313 16
19324 14
19326 14
19325 14
19328 15
19327 15
19329 15
19330 15
19331 15
19332 15
19333 15
19334 15
19335 16
19336 16
19337 16
19339 16
19338 16
19340 16
19341 16
19344 17
19342 17
19343 17
19345 17
19346 17
19348 18
19349 18
19347 18
19350 18
19351 18
19352 18
19353 18
19355 17
19354 18
19356 19
19357 19
19358 19
19360 19
19359 19
19362 19
19361 19
19363 20
19364 20
19366 20
19368 20
19365 20
19367 20
19369 19
19370 20
19372 20
19373 21
19371 21
19374 21
19376 21
19375 20
19379 22
19377 20
19380 22
19378 21
19381 22
19382 22
19385 23
19383 23
19384 23
19386 24
19387 24
19388 24
19389 25
19392 28
19391 27
19390 26
19393 29
19394 34
19397 13
19395 9
19396 10
19398 10
19399 11
19400 13
19402 14
19401 13
19404 14
19406 14
19403 14
19405 14
19408 15
19407 15
19409 15
19410 15
19411 15
19412 15
19413 15
19414 16
19416 16
19415 16
19417 16
19418 16
19419 17
19421 18
19420 17
19422 17
19423 18
19424 18
19426 20
19425 19
19427 21
19428 22
19429 21
19430 23
19431 12
19432 13
19433 14
19435 22
19434 19
19436 29
19438 12
19439 14
19437 12
19441 14
19440 14
19442 14
19443 14
19444 14
19445 15
19447 16
19446 15
19448 16
19449 17
19450 17
19452 17
19451 17
19453 18
19455 18
19456 18
19454 18
19458 18
19457 18
19459 18
19461 19
19460 19
19464 19
19462 19
19463 18
19465 20
19466 20
19468 21
19467 20
19469 21
19471 24
19470 22
19473 24
19472 24
19475 25
19474 23
19476 25
19477 26
19479 20
19478 29
19480 21
19481 14
19482 14
19483 14
19484 16
19485 22
19486 24
19488 14
19487 13
19489 14
19493 17
19491 15
19490 15
19492 17
19495 17
19497 17
19494 17
19496 18
19498 19
19499 21
19500 21
19503 23
19501 21
19504 23
19505 33
19506 12
19509 14
19508 14
19507 13
19511 15
19510 14
19512 15
19514 15
19502 22
19517 15
19515 15
19513 15
19519 16
19516 15
19521 16
19520 16
19518 15
19522 16
19523 16
19525 16
19527 16
19524 16
19529 16
19526 16
19530 17
19528 16
19531 17
19532 17
19534 17
19535 18
19537 18
19533 17
19536 18
19538 18
19539 17
19540 18
19543 18
19542 18
19544 18
19545 19
19541 18
19548 19
19546 19
19547 19
19549 19
19551 19
19554 17
19550 19
19552 19
19553 19
19555 19
19556 19
19560 19
19557 19
19559 19
19561 19
19558 19
19564 20
19566 20
19563 20
19562 19
19568 20
19567 20
19570 20
19569 20
19573 21
19571 20
19572 20
19575 20
19565 20
19574 19
19577 20
19578 21
19576 20
19579 20
19583 22
19581 21
19580 21
19582 22
19585 22
19584 22
19586 22
19587 22
19589 22
19588 22
19590 22
19591 21
19592 22
19594 22
19593 23
19595 23
19596 23
19597 23
19598 22
19599 23
19600 24
19601 24
19603 24
19607 25
19604 24
19606 25
19608 25
19609 24
19610 27
19611 26
19612 44
19614 13
19613 12
19615 13
19602 24
19617 17
19616 17
19605 23
19618 18
19621 13
19620 18
19623 14
19619 18
19625 14
19624 14
19622 14
19626 14
19628 15
19629 15
19631 14
19632 15
19627 14
19633 15
19634 15
19635 15
19630 15
19636 15
19637 15
19638 15
19641 16
19640 15
19639 15
19642 16
19644 16
19643 16
19646 16
19648 16
19647 16
19645 16
19649 16
19650 16
19651 16
19652 17
19653 16
19655 16
19656 16
19658 16
19657 16
19659 17
19660 17
19662 17
19664 17
19661 17
19663 17
19665 17
19666 17
19667 17
19654 16
19668 17
19669 18
19670 18
19671 18
19674 18
19672 18
19675 18
19677 19
19676 18
19679 19
19673 18
19678 19
19681 19
19682 19
19680 19
19683 19
19685 19
19687 20
19686 20
19689 20
19684 18
19690 20
19691 20
19692 20
19694 20
19696 20
19693 18
19697 21
19695 20
19699 21
19700 21
19701 21
19688 20
19702 21
19703 22
19704 22
19706 22
19707 22
19709 22
19708 22
19710 23
19705 22
19711 23
19714 22
19712 23
19715 23
19716 23
19698 21
19717 23
19713 23
19718 23
19719 24
19723 24
19724 24
19721 24
19725 25
19726 26
19720 23
19727 27
19728 31
19729 24
19731 9
19722 24
19732 11
19733 11
19730 35
19737 18
19738 15
19735 14
19736 15
19739 18
19740 20
19743 14
19741 23
19742 25
19744 15
19745 15
19748 16
19746 15
19747 16
19750 18
19749 16
19734 13
19751 19
19753 22
19752 21
19757 14
19754 23
19756 14
19759 15
19755 24
19760 15
19758 14
19762 16
19761 16
19766 18
19765 17
19763 16
19764 16
19769 19
19768 18
19772 19
19771 18
19770 19
19774 20
19773 19
19775 21
19777 22
19776 21
19780 24
19767 18
19778 22
19779 22
19781 21
19783 15
19784 20
19786 15
19785 20
19788 18
19789 19
19787 17
19790 20
19782 24
19791 22
19792 23
19794 16
19797 20
19793 15
19796 20
19795 16
19798 20
19801 21
19803 23
19802 22
19800 21
19799 21
19804 25
19805 13
19808 15
19807 15
19806 14
19810 17
19809 16
19812 16
19811 17
19815 18
19813 18
19814 18
19816 19
19817 19
19819 20
19818 20
19820 20
19821 20
19822 21
19823 21
19825 24
19824 21
19827 25
19826 25
19828 24
19829 26
19830 17
19833 20
19831 18
19832 21
19834 15
19837 18
19836 23
19835 23
19839 18
19838 18
19840 19
19841 21
19844 18
19845 19
19843 17
19846 21
19847 22
19848 23
19850 18
19849 23
19851 17
19852 19
19854 20
19853 20
19855 21
19856 27
19842 16
19857 29
19858 17
19859 17
19860 18
19863 20
19865 19
19861 19
19866 21
19867 21
19869 22
19868 22
19870 23
19862 19
19871 23
19864 20
19874 24
19872 24
19876 24
19873 24
19875 25
19877 26
19879 27
19878 26
19880 28
19882 29
19883 34
19881 29
19884 22
19886 9
19885 9
19888 20
19887 19
19889 21
19891 21
19890 21
19894 
19895 
19896 
19892 25
19897 
19893 27
19898 
19899 
19903 
19901 
19900 
19902 
