173825 3
173826 4
173828 9
173824 3
173827 8
173829 10
173830 11
173831 16
173832 4
173833 9
173835 9
173836 6
173834 2
173837 9
173838 10
173840 5
173839 10
173841 6
173842 7
173843 7
173844 8
173845 9
173846 10
173847 10
173848 11
173849 12
173850 12
173851 13
173852 7
173853 12
173854 14
173855 15
173856 5
173857 6
173858 7
173859 11
173860 12
173861 15
173862 19
173863 4
173864 6
173865 6
173866 6
173867 6
173868 7
173869 7
173870 7
173871 7
173872 7
173873 7
173874 7
173877 8
173875 7
173876 7
173879 8
173878 8
173881 8
173880 8
173882 8
173883 9
173884 9
173886 9
173887 9
173888 9
173889 9
173890 9
173891 10
173892 10
173893 10
173894 9
173895 10
173897 10
173896 10
173885 9
173898 10
173899 11
173900 11
173901 11
173903 11
173904 11
173906 11
173902 11
173905 11
173907 11
173908 11
173909 11
173912 11
173911 12
173910 12
173913 12
173914 12
173915 12
173916 12
173917 12
173919 12
173920 13
173921 12
173918 12
173923 13
173924 13
173922 13
173925 14
173926 14
173927 14
173928 14
173929 14
173931 15
173930 14
173933 15
173932 15
173934 15
173935 15
173936 16
173937 16
173940 17
173938 16
173942 18
173939 16
173941 17
173943 18
173944 17
173947 20
173945 18
173946 19
173948 19
173949 20
173951 8
173950 21
173952 9
173954 13
173955 15
173956 15
173953 9
173957 14
173958 19
173959 10
173960 6
173961 12
173962 13
173964 15
173967 7
173965 16
173966 7
173969 8
173968 7
173970 10
173971 11
173974 5
173973 14
173972 13
173963 15
173975 6
173976 6
173978 6
173977 6
173979 7
173981 7
173980 7
173982 8
173983 9
173984 9
173985 9
173986 10
173989 10
173990 11
173988 10
173991 11
173992 11
173993 12
173995 13
173994 12
173996 13
173998 15
173997 14
174002 7
173999 16
174000 20
173987 10
174001 6
174004 11
174003 10
174005 13
174007 9
174008 10
174006 5
174010 13
174009 12
174011 13
174012 18
174017 7
174015 6
174016 6
174014 6
174013 19
174018 7
174019 8
174021 8
174022 9
174020 8
174023 9
174025 10
174024 10
174027 11
174026 11
174029 11
174028 11
174030 12
174031 12
174034 13
174035 13
174033 13
174032 10
174036 15
174037 16
174040 7
174038 16
174041 7
174042 8
174039 7
174043 8
174045 10
174047 10
174048 11
174046 10
174049 12
174051 13
174050 12
174053 12
174054 15
174052 14
174056 3
174055 21
174057 6
174058 9
174059 13
174044 9
174060 6
174061 7
174062 7
174063 9
174065 14
174066 20
174068 10
174067 7
174064 10
174069 11
174070 13
174072 15
174071 14
174074 17
174073 15
174077 4
174078 7
174076 20
174075 18
174080 14
174081 8
174079 10
174083 5
174084 7
174085 8
174088 9
174089 9
174087 9
174086 8
174090 9
174091 10
174093 10
174092 10
174082 9
174095 11
174094 10
174096 11
174097 12
174099 13
174100 13
174102 14
174103 14
174101 13
174104 15
174098 12
174108 9
174106 17
174105 15
174107 19
174110 11
174111 12
174109 10
174112 13
174113 15
174114 19
174115 4
174116 4
174119 8
174118 7
174120 8
174117 6
174121 9
174123 10
174124 10
174122 9
174126 12
174127 13
174125 11
174128 14
174129 15
174130 5
174133 7
174131 7
174132 7
174134 8
174137 8
174135 8
174136 8
174139 9
174140 9
174141 9
174138 9
174142 9
174143 9
174144 9
174146 9
174148 10
174147 9
174145 9
174149 10
174152 10
174150 10
174151 10
174153 10
174154 10
174156 10
174155 10
174158 10
174157 10
174160 11
174159 10
174161 11
174162 11
174164 11
174163 11
174166 11
174167 11
174165 11
174168 11
174169 11
174171 11
174170 11
174172 12
174175 12
174176 12
174174 12
174173 12
174177 12
174179 12
174178 12
174181 12
174180 12
174182 12
174184 12
174183 12
174185 12
174186 12
174187 13
174188 13
174190 13
174189 13
174191 13
174193 13
174194 13
174192 13
174195 13
174196 13
174197 13
174199 12
174198 13
174202 14
174200 14
174201 14
174203 13
174205 14
174204 14
174206 14
174207 14
174208 14
174209 14
174210 14
174211 14
174213 15
174212 14
174214 14
174217 15
174216 15
174218 15
174219 15
174215 14
174220 15
174221 15
174222 16
174224 16
174223 16
174225 16
174227 16
174226 16
174228 16
174230 17
174229 17
174231 17
174232 17
174233 17
174235 18
174236 18
174234 18
174237 18
174238 17
174240 18
174239 19
174241 19
174242 20
174244 20
174243 20
174245 21
174248 7
174246 24
174249 8
174247 25
174250 9
174253 11
174252 11
174251 10
174254 13
174255 13
174256 16
174257 5
174258 5
174259 6
174261 6
174260 6
174262 6
174263 6
174264 7
174267 7
174265 7
174266 7
174268 7
174269 7
174270 7
174271 7
174273 7
174272 7
174274 7
174277 8
174275 8
174276 8
174278 8
174280 8
174279 7
174283 9
174281 8
174282 8
174284 9
174286 9
174285 9
174289 9
174287 9
174288 9
174290 9
174292 10
174291 9
174295 10
174293 10
174294 10
174296 10
174297 10
174298 10
174300 10
174299 10
174301 10
174302 10
174303 10
174305 10
174306 10
174304 10
174307 10
174310 11
174308 11
174311 11
174309 11
174312 11
174313 11
174314 11
174315 11
174316 11
174317 11
174318 11
174319 11
174322 11
174321 11
174320 11
174323 12
174325 12
174324 12
174326 12
174328 12
174327 10
174329 12
174330 12
174331 12
174333 12
174335 13
174336 13
174334 13
174332 12
174337 13
174338 13
174339 13
174340 13
174341 13
174342 13
174344 13
174343 13
174345 13
174347 13
174348 13
174346 13
174349 13
174350 13
174353 14
174351 14
174352 14
174354 14
174355 14
174356 14
174358 14
174357 14
174360 14
174359 14
174362 15
174361 15
174363 15
174364 15
174365 14
174366 16
174367 16
174368 16
174369 16
174371 16
174372 15
174370 16
174374 16
174373 16
174375 16
174377 17
174376 17
174378 17
174380 18
174379 18
174381 18
174382 18
174383 18
174385 20
174384 19
174386 10
174387 13
174389 18
174388 22
174391 6
174390 13
174392 8
174395 11
174396 11
174393 9
174394 10
174398 15
174397 14
174400 22
174399 16
174401 4
174402 5
174403 6
174405 7
174404 7
174406 7
174407 8
174410 8
174409 8
174411 8
174408 8
174412 8
174413 9
174415 9
174414 9
174417 10
174416 10
174418 10
174419 11
174420 11
174422 11
174421 11
174423 12
174425 12
174424 12
174426 13
174428 14
174427 13
174429 14
174430 14
174431 15
174433 14
174432 15
174435 19
174434 18
174437 6
174439 7
174440 7
174436 6
174438 7
174441 7
174442 7
174444 7
174445 8
174443 7
174446 8
174447 8
174448 8
174449 9
174450 9
174451 9
174452 9
174453 9
174454 9
174456 10
174455 10
174457 11
174458 11
174459 10
174460 11
174462 11
174463 11
174461 11
174464 10
174466 11
174465 11
174467 11
174469 11
174468 11
174470 11
174471 12
174472 12
174473 12
174475 12
174474 12
174476 12
174477 12
174478 12
174479 12
174481 12
174480 12
174482 13
174484 13
174483 13
174485 13
174487 14
174486 13
174488 14
174490 14
174489 13
174492 14
174491 14
174493 14
174495 14
174494 14
174496 15
174497 15
174499 15
174498 15
174500 15
174501 15
174503 16
174502 16
174504 16
174506 16
174505 16
174507 17
174508 18
174511 18
174509 18
174510 18
174512 19
174513 19
174514 20
174517 23
174515 21
174518 7
174516 21
174519 7
174521 7
174523 9
174520 7
174522 8
174524 11
174525 11
174527 12
174529 16
174528 14
174526 11
174530 17
174531 17
174532 20
174533 7
174534 7
174535 7
174536 8
174537 8
174540 9
174541 10
174538 9
174542 10
174539 9
174544 10
174545 11
174543 10
174546 11
174547 11
174548 12
174549 12
174550 12
174551 12
174552 12
174554 12
174556 13
174553 12
174557 13
174555 13
174560 13
174559 13
174558 13
174561 14
174563 13
174564 14
174565 13
174567 15
174562 14
174566 14
174568 15
174571 16
174570 15
174572 16
174569 15
174573 16
174574 16
174576 18
174577 18
174578 18
174580 20
174581 21
174579 20
174582 24
174583 6
174585 11
174586 12
174587 15
174588 16
174575 17
174589 16
174584 11
174590 17
174591 7
174593 10
174594 10
174595 14
174592 8
174596 15
174597 16
174598 16
174599 12
174601 7
174600 13
174602 7
174603 7
174604 8
174605 9
174607 10
174608 10
174606 9
174609 11
174610 13
174611 13
174613 12
174614 12
174615 12
174612 13
174616 12
174617 14
174618 14
174621 16
174622 17
174623 19
174620 15
174624 19
174625 22
174627 6
174628 6
174626 6
174629 6
174630 7
174631 7
174632 7
174633 8
174634 8
174619 15
174635 8
174636 8
174637 8
174638 8
174640 9
174641 9
174642 9
174643 9
174639 9
174644 9
174645 10
174646 10
174647 10
174649 10
174648 10
174651 11
174650 10
174652 11
174653 11
174654 11
174656 11
174655 11
174657 10
174658 12
174659 12
174660 12
174661 12
174662 12
174663 12
174664 13
174665 13
174666 13
174667 13
174668 14
174669 14
174670 14
174671 14
174673 14
174672 14
174674 14
174675 13
174676 15
174677 15
174678 15
174679 16
174680 16
174681 16
174682 16
174683 17
174684 16
174685 17
174686 19
174688 22
174687 21
174689 7
174690 10
174691 6
174692 10
174694 12
174695 13
174696 16
174693 11
174697 16
174699 8
174698 21
174701 12
174700 7
174702 12
174704 16
174703 14
174705 16
174707 10
174709 11
174708 11
174710 11
174706 4
174711 11
174712 12
174713 12
174714 12
174715 14
174716 15
174717 16
174718 17
174719 19
174720 20
174722 11
174723 11
174724 12
174721 7
174725 13
174726 13
174727 15
174728 18
174729 19
174731 9
174730 6
174732 7
174733 7
174735 8
174736 9
174734 8
174737 9
174738 10
174739 10
174740 10
174741 10
174743 10
174742 10
174744 10
174745 10
174746 12
174748 13
174747 12
174749 13
174751 14
174750 14
174752 14
174753 15
174756 16
174755 15
174754 15
174757 16
174758 17
174759 17
174761 18
174762 19
174760 17
174763 21
174766 7
174765 7
174764 5
174767 9
174768 11
174769 11
174771 7
174770 14
174772 8
174774 12
174773 10
174775 13
174777 17
174776 16
174779 8
174780 9
174778 6
174782 10
174781 9
174785 12
174783 11
174784 12
174786 14
174788 21
174787 17
174789 25
174790 6
174791 18
174792 10
174794 17
174796 8
174793 15
174795 7
174798 10
174797 10
174799 11
174801 12
174800 11
174802 12
174803 12
174804 13
174807 14
174806 14
174805 13
174808 14
174809 16
174810 17
174813 5
174812 18
174811 18
174814 6
174815 7
174816 8
174818 7
174819 7
174820 7
174817 7
174821 8
174822 8
174824 8
174823 8
174826 8
174825 9
174827 9
174828 8
174830 9
174829 9
174831 9
174832 10
174833 10
174834 9
174835 10
174838 11
174836 10
174839 11
174840 10
174841 10
174842 10
174843 10
174845 10
174846 11
174844 10
174847 9
174848 11
174849 11
174852 11
174850 11
174851 11
174853 12
174837 11
174855 12
174854 12
174856 13
174857 12
174859 12
174858 13
174860 13
174862 13
174861 12
174863 12
174864 13
174865 12
174866 13
174868 13
174869 13
174867 14
174870 13
174871 13
174872 13
174873 13
174875 14
174874 13
174876 13
174877 13
174879 15
174880 13
174878 13
174881 14
174883 14
174885 15
174884 15
174882 14
174886 14
174887 15
174888 15
174891 16
174889 16
174890 16
174892 16
174894 16
174893 15
174896 16
174895 17
174898 17
174897 16
174899 17
174900 17
174901 17
174902 16
174904 19
174903 17
174905 17
174907 18
174906 18
174908 19
174910 17
174909 19
174911 20
174912 20
174913 21
174916 21
174914 21
174915 21
174919 23
174917 22
174918 22
174921 5
174920 25
174922 6
174924 9
174923 9
174925 10
174926 10
174927 11
174928 11
174929 12
174930 13
174932 14
174931 14
174933 16
174935 26
174937 11
174934 16
174936 8
174939 21
174938 16
174940 6
174941 7
174942 7
174943 7
174946 7
174947 7
174945 7
174944 7
174948 8
174949 8
174951 8
174952 8
174953 9
174950 8
174954 8
174955 9
174956 9
174959 9
174957 9
174960 9
174958 9
174961 9
174963 10
174964 10
174962 9
174967 10
174966 10
174968 10
174969 10
174965 10
174970 10
174972 10
174973 10
174971 10
174974 10
174975 10
174976 10
174977 11
174980 11
174978 10
174979 12
174981 10
174982 11
174984 11
174983 11
174985 11
174986 11
174987 11
174988 12
174989 13
174992 12
174991 13
174993 12
174990 11
174995 11
174994 13
174996 12
174997 12
174998 12
174999 13
175000 13
175001 12
175003 13
175002 5
175004 13
175005 13
175006 13
175007 13
175008 13
175009 13
175010 13
175011 14
175013 14
175012 14
175014 14
175015 14
175016 14
175017 15
175018 14
175019 15
175020 15
175021 14
175022 15
175024 15
175023 15
175025 14
175026 15
175027 15
175028 15
175030 16
175029 16
175031 16
175033 17
175032 17
175035 18
175034 17
175036 18
175037 19
175038 18
175039 18
175040 18
175041 18
175043 20
175042 20
175045 11
175044 22
175046 8
175047 15
175048 8
175049 9
175050 9
175051 10
175052 10
175053 11
175054 12
175055 12
175056 13
175057 14
175058 14
175060 15
175059 15
175062 15
175061 15
175063 16
175065 16
175064 16
175067 18
175066 17
175068 18
175069 22
175070 21
175071 22
175072 7
175073 8
175074 8
175075 9
175076 10
175077 12
175078 12
175079 12
175080 13
175081 14
175082 14
175083 9
175084 10
175086 15
175085 14
175087 17
175088 22
175089 8
175090 8
175091 8
175092 9
175093 10
175094 10
175095 10
175096 11
175097 12
175098 12
175100 12
175099 12
175101 13
175102 14
175103 15
175104 15
175105 16
175106 16
175107 19
175108 19
175109 20
175110 7
175111 7
175113 8
175112 8
175114 8
175115 8
175116 8
175117 8
175118 8
175120 9
175119 9
175123 9
175121 9
175122 9
175124 9
175127 9
175126 9
175125 9
175129 10
175128 9
175130 10
175133 10
175131 10
175132 10
175134 10
175137 10
175135 10
175136 10
175138 10
175139 10
175140 10
175141 11
175142 11
175145 11
175144 11
175143 11
175148 12
175149 12
175147 12
175146 12
175150 12
175151 13
175153 13
175154 13
175155 13
175152 13
175156 13
175158 13
175159 12
175160 14
175157 13
175163 14
175162 14
175161 14
175164 14
175165 14
175166 15
175167 15
175169 15
175170 15
175168 15
175172 15
175171 15
175173 15
175174 17
175175 16
175176 16
175177 15
175178 16
175180 16
175179 16
175181 17
175182 18
175183 18
175184 18
175185 21
175186 21
175187 21
175188 24
175189 15
175190 16
175192 19
175191 16
175194 7
175193 6
175195 8
175198 10
175196 9
175197 9
175199 14
175201 11
175200 11
175202 11
175203 12
175204 13
175205 13
175206 13
175207 13
175208 14
175210 14
175209 14
175211 15
175212 15
175214 21
175213 16
175215 21
175218 7
175217 7
175216 22
175219 7
175220 7
175223 8
175221 7
175222 8
175224 8
175225 8
175227 9
175226 9
175229 9
175230 9
175228 9
175231 9
175233 9
175232 9
175234 9
175235 10
175237 10
175236 10
175238 10
175239 10
175240 10
175241 10
175242 10
175244 10
175243 10
175245 10
175246 10
175247 10
175248 10
175249 10
175250 11
175251 11
175252 11
175254 11
175253 11
175255 11
175256 11
175257 11
175258 11
175259 11
175260 11
175261 11
175262 11
175263 12
175264 12
175267 12
175265 12
175266 12
175268 12
175269 12
175272 12
175270 12
175271 12
175273 12
175274 12
175275 12
175276 12
175277 12
175278 12
175279 12
175280 13
175281 13
175282 13
175284 13
175283 12
175285 13
175287 13
175289 13
175286 13
175288 13
175290 13
175291 13
175292 13
175293 13
175294 13
175295 13
175296 13
175297 13
175298 13
175300 13
175301 13
175299 13
175302 13
175303 12
175304 14
175306 14
175305 14
175307 14
175308 14
175309 14
175310 14
175311 14
175312 14
175313 14
175314 14
175315 14
175317 14
175316 14
175318 13
175319 14
175320 15
175323 14
175322 16
175321 14
175324 14
175325 15
175326 15
175327 15
175328 15
175329 15
175330 15
175331 14
175332 14
175334 16
175333 15
175335 15
175336 15
175337 15
175338 15
175339 15
175340 15
175341 16
175342 16
175343 16
175344 15
175345 16
175346 16
175347 16
175348 16
175349 16
175350 16
175351 16
175352 16
175353 15
175355 16
175354 16
175357 17
175356 16
175358 17
175359 17
175362 17
175361 17
175360 17
175363 17
175365 17
175364 16
175367 17
175366 17
175368 17
175370 18
175369 18
175371 18
175373 18
175372 18
175374 18
175375 18
175376 18
175378 19
175377 19
175379 19
175380 19
175381 19
175382 20
175383 20
175384 20
175385 20
175386 19
175387 21
175388 21
175389 21
175391 20
175390 21
175392 21
175393 22
175394 22
175396 24
175395 22
175397 24
175398 25
175399 27
175400 26
175401 8
175402 9
175403 9
175404 11
175405 11
175406 12
175408 12
175407 13
175409 14
175410 14
175412 24
175411 19
175413 8
175414 10
175415 11
175416 11
175417 13
175418 13
175419 14
175420 15
175421 16
175422 16
175423 17
175424 9
175425 9
175426 10
175427 10
175428 11
175431 17
175430 14
175429 12
175432 10
175433 10
175435 11
175434 11
175436 12
175437 12
175438 12
175439 13
175440 15
175442 16
175441 17
175443 25
175445 14
175444 15
175446 5
175448 8
175447 8
175449 9
175450 9
175451 10
175453 12
175452 10
175454 12
175455 13
175456 14
175457 15
175458 18
175460 9
175459 8
175461 11
175463 14
175462 13
175465 6
175464 6
175466 7
175468 6
175469 7
175467 6
175470 8
175471 7
175472 7
175473 8
175474 8
175475 8
175476 8
175477 9
175478 8
175479 9
175482 9
175480 9
175483 9
175481 8
175484 10
175485 9
175488 10
175486 10
175489 10
175487 11
175490 11
175491 10
175493 10
175492 10
175495 10
175496 10
175498 9
175497 10
175499 10
175500 11
175501 11
175503 11
175502 11
175504 11
175494 10
175505 11
175506 11
175507 11
175510 11
175508 11
175509 11
175511 11
175512 11
175514 12
175513 12
175516 12
175517 12
175515 13
175518 12
175519 12
175520 12
175521 12
175522 12
175525 12
175526 12
175524 12
175527 12
175528 12
175529 12
175530 13
175532 13
175533 13
175531 13
175534 13
175535 13
175537 13
175538 12
175539 12
175542 13
175541 13
175540 13
175543 13
175523 12
175545 12
175544 13
175536 14
175547 13
175546 13
175548 13
175549 13
175550 11
175552 14
175551 14
175553 14
175554 14
175555 14
175557 14
175556 14
175558 14
175559 14
175561 14
175560 14
175562 14
175563 15
175564 15
175565 15
175567 15
175568 15
175569 15
175566 15
175570 14
175571 16
175572 15
175573 15
175574 15
175576 15
175577 15
175575 15
175578 15
175579 15
175580 15
175581 16
175582 15
175583 17
175585 16
175584 15
175586 16
175587 17
175589 16
175588 16
175591 16
175590 15
175592 17
175594 17
175593 17
175596 17
175595 17
175598 17
175597 17
175599 17
175600 17
175602 16
175601 17
175603 18
175604 18
175605 16
175606 18
175607 18
175609 18
175608 18
175610 18
175611 19
175613 19
175612 19
175615 19
175616 20
175614 19
175617 20
175618 20
175619 21
175621 21
175620 20
175622 21
175623 21
175624 22
175625 22
175626 22
175627 23
175628 24
175629 5
175630 7
175631 7
175632 7
175633 8
175635 8
175634 8
175636 8
175638 8
175637 8
175639 8
175640 9
175641 9
175643 9
175644 9
175642 9
175645 9
175646 9
175647 9
175648 9
175650 9
175649 9
175651 10
175653 10
175652 10
175655 10
175654 10
175656 10
175657 10
175658 10
175659 11
175661 11
175662 11
175663 11
175660 11
175664 11
175665 11
175667 12
175666 11
175668 12
175669 12
175670 12
175671 12
175672 12
175673 12
175676 12
175674 12
175675 12
175677 12
175678 12
175679 12
175680 12
175681 12
175682 12
175683 11
175685 13
175684 13
175686 13
175688 13
175689 13
175687 13
175690 13
175692 13
175691 13
175694 13
175693 13
175695 13
175696 13
175697 13
175699 14
175698 14
175701 14
175700 14
175702 14
175703 14
175704 14
175706 14
175707 14
175705 14
175708 14
175710 14
175709 14
175711 14
175713 15
175714 7
175712 14
175716 14
175715 15
175717 15
175718 10
175719 15
175720 15
175721 15
175722 16
175723 16
175725 16
175724 15
175727 16
175726 16
175728 15
175729 16
175730 15
175733 17
175731 16
175732 16
175734 16
175735 17
175736 17
175737 17
175738 17
175739 17
175740 18
175741 18
175743 18
175742 18
175745 19
175744 18
175746 19
175747 20
175748 20
175749 20
175750 21
175751 22
175754 24
175752 23
175753 24
175755 25
175756 24
175758 9
175757 7
175759 11
175760 12
175761 12
175762 12
175763 12
175766 16
175764 13
175765 13
175767 15
175768 15
175769 16
175772 11
175770 37
175771 10
175773 8
175777 19
175774 11
175776 15
175775 12
175779 11
175778 11
175780 11
175781 12
175783 8
175782 16
175785 7
175784 12
175787 9
175786 9
175788 10
175790 10
175789 10
175792 13
175791 12
175793 14
175794 14
175795 14
175796 14
175797 16
175798 20
175799 7
175800 8
175801 8
175802 9
175805 11
175804 10
175803 9
175807 11
175806 11
175809 11
175808 11
175810 12
175811 12
175812 12
175813 12
175814 12
175817 14
175816 14
175815 13
175818 17
175819 18
175820 19
175821 6
175822 8
175824 8
175823 7
175825 8
175826 8
175827 8
175828 8
175829 9
175830 9
175831 10
175832 10
175833 10
175834 9
175835 10
175837 10
175836 10
175838 10
175840 11
175839 10
175841 11
175842 11
175843 11
175845 11
175844 11
175846 12
175847 12
175848 12
175850 12
175849 12
175852 12
175851 12
175854 12
175853 12
175857 12
175855 12
175856 12
175858 12
175859 13
175861 13
175860 13
175862 13
175864 12
175865 14
175863 12
175866 13
175868 13
175869 13
175867 13
175870 13
175872 13
175871 13
175873 13
175874 13
175876 14
175877 13
175879 14
175880 14
175878 14
175882 14
175881 14
175883 14
175875 14
175884 14
175885 14
175886 13
175887 14
175888 15
175889 15
175890 14
175891 15
175892 15
175894 15
175895 16
175896 16
175897 16
175899 16
175898 15
175900 16
175901 16
175902 16
175903 16
175904 16
175893 15
175905 17
175909 17
175906 17
175907 17
175908 17
175910 17
175911 17
175912 17
175913 19
175915 18
175914 19
175916 20
175917 20
175921 23
175918 20
175919 20
175920 21
175925 13
175922 24
175923 8
175924 9
175926 7
175927 8
175928 8
175930 12
175929 9
175932 13
175931 12
175933 14
175936 12
175934 13
175935 21
175937 7
175939 13
175938 12
175941 13
175942 6
175940 13
175943 7
175944 8
175947 9
175946 9
175945 9
175949 10
175948 9
175950 10
175952 10
175951 10
175953 11
175954 11
175955 12
175957 12
175956 12
175958 11
175959 12
175960 13
175962 13
175961 13
175963 14
175964 14
175965 15
175966 15
175967 16
175968 16
175969 16
175970 17
175971 18
175972 20
175973 21
175976 9
175974 21
175975 17
175979 9
175981 10
175980 10
175982 10
175977 9
175978 9
175983 11
175985 12
175984 12
175986 13
175987 14
175988 14
175990 15
175989 13
175991 15
175992 17
175993 16
175994 19
175995 9
175998 12
175996 9
175997 10
175999 12
176000 13
176001 13
176003 14
176004 15
176005 21
176006 8
176008 14
176007 9
176009 13
176010 9
176012 10
176011 9
176013 10
176002 14
176014 11
176016 12
176017 13
176015 12
176018 13
176019 14
176020 14
176021 15
176023 17
176022 16
176024 17
176025 18
176026 19
176027 21
176030 29
176029 24
176028 22
176031 8
176032 8
176034 9
176033 9
176037 10
176035 9
176036 10
176040 11
176039 10
176038 10
176041 11
176042 11
176043 12
176044 12
176046 13
176045 13
176047 13
176048 13
176051 14
176050 14
176049 14
176052 14
176053 15
176054 15
176055 15
176057 16
176056 15
176058 16
176060 17
176061 17
176059 16
176062 17
176064 17
176066 20
176063 17
176065 19
176069 29
176068 21
176067 21
176070 9
176071 12
176073 9
176072 9
176074 11
176075 13
176077 15
176078 15
176076 14
176079 20
176081 9
176082 9
176080 21
176084 10
176083 9
176086 10
176085 10
176087 10
176088 10
176089 11
176091 11
176090 11
176092 11
176093 11
176096 12
176095 12
176094 12
176097 12
176099 11
176098 12
176101 13
176102 13
176100 13
176103 13
176104 13
176106 14
176105 13
176108 15
176107 14
176109 15
176110 15
176111 15
176112 16
176113 16
176114 16
176115 16
176117 17
176118 17
176119 17
176116 16
176121 17
176122 18
176120 18
176123 18
176124 19
176126 20
176125 19
176127 22
176130 8
176128 8
176129 8
176131 8
176133 9
176132 10
176134 10
176135 10
176137 10
176136 10
176138 10
176140 11
176141 11
176139 11
176142 11
176143 12
176144 12
176145 12
176146 12
176147 12
176148 12
176149 12
176150 12
176151 12
176152 12
176153 13
176154 13
176155 13
176156 15
176158 14
176160 15
176159 14
176161 15
176162 16
176164 24
176163 18
176165 18
176166 6
176167 8
176157 15
176169 9
176168 9
176170 10
176171 10
176173 10
176174 11
176175 11
176177 11
176172 10
176176 11
176178 12
176179 12
176181 12
176182 12
176183 12
176184 12
176180 12
176185 13
176186 13
176188 14
176189 14
176187 13
176190 14
176191 14
176192 13
176193 15
176194 15
176196 15
176195 15
176197 16
176198 17
176199 18
176200 18
176201 20
176202 9
176203 10
176204 11
176205 11
176207 12
176206 12
176208 12
176210 13
176209 13
176211 13
176213 14
176212 14
176214 14
176216 17
176215 16
176218 16
176219 17
176217 16
176221 22
176222 8
176220 18
176224 10
176225 10
176223 9
176226 11
176227 12
176228 12
176229 13
176231 14
176230 13
176233 15
176234 15
176232 14
176235 13
176237 17
176239 22
176238 19
176236 16
176241 9
176240 8
176242 10
176244 10
176245 10
176247 10
176243 10
176246 10
176248 11
176249 11
176250 11
176252 12
176251 11
176254 13
176255 13
176253 12
176256 13
176259 13
176257 13
176258 13
176260 14
176261 14
176263 14
176264 14
176262 14
176266 15
176265 13
176267 15
176268 15
176270 15
176269 15
176272 16
176271 15
176273 16
176274 16
176275 16
176277 16
176279 15
176276 16
176280 17
176283 17
176282 17
176284 17
176286 17
176285 15
176287 17
176278 16
176288 18
176289 18
176290 18
176292 17
176291 18
176293 18
176281 17
176295 20
176294 18
176296 21
176297 21
176299 20
176298 21
176300 22
176302 24
176303 25
176304 28
176305 8
176301 23
176306 8
176307 9
176308 9
176311 10
176312 11
176310 10
176313 11
176315 11
176314 11
176316 11
176309 10
176318 12
176320 12
176319 12
176317 12
176321 13
176324 14
176323 13
176322 14
176325 14
176326 15
176327 15
176330 15
176328 15
176331 16
176329 16
176332 16
176335 18
176334 17
176333 17
176336 18
176337 18
176339 17
176340 19
176338 18
176341 19
176342 19
176343 22
176344 22
176345 22
176346 8
176347 8
176349 9
176348 9
176350 10
176351 11
176354 12
176353 11
176352 11
176355 12
176356 12
176357 13
176359 13
176360 13
176361 13
176362 13
176363 14
176366 14
176365 14
176364 14
176367 14
176358 13
176368 14
176371 15
176372 15
176374 15
176373 15
176369 14
176370 14
176375 15
176376 16
176377 15
176380 16
176378 15
176379 16
176382 16
176381 17
176383 17
176384 17
176385 17
176386 18
176387 18
176388 18
176391 19
176392 18
176389 19
176390 19
176393 19
176394 19
176396 20
176395 19
176398 20
176399 21
176397 20
176401 21
176400 21
176402 22
176403 22
176405 23
176404 22
176406 25
176407 26
176409 4
176408 27
176411 7
176412 7
176414 8
176410 7
176415 8
176413 7
176416 9
176417 9
176419 9
176418 9
176421 10
176420 9
176423 9
176422 10
176425 10
176424 10
176426 11
176427 11
176428 12
176429 12
176430 12
176431 13
176432 13
176433 14
176434 13
176435 14
176436 14
176437 15
176439 16
176438 15
176442 13
176440 17
176443 14
176441 21
176444 15
176445 16
176447 18
176446 16
176448 8
176449 9
176450 10
176451 10
176452 11
176454 13
176453 11
176455 13
176456 14
176458 16
176457 15
176460 19
176459 18
176461 21
176464 11
176462 8
176463 11
176465 11
176466 11
176467 12
176468 12
176469 13
176470 15
176472 14
176471 15
176473 16
176475 17
176474 17
176477 18
176476 17
176478 19
176480 21
176479 20
176481 22
176482 9
176484 11
176483 10
176486 12
176485 12
176488 13
176487 12
176489 13
176490 14
176492 15
176491 15
176493 16
176495 16
176494 16
176497 18
176496 18
176498 22
176499 11
176500 11
176501 14
176502 14
176504 19
176503 15
176506 11
176508 13
176505 11
176507 12
176509 15
176511 18
176510 16
176512 8
176514 12
176513 10
176515 12
176516 13
176517 13
176518 13
176519 14
176520 14
176521 15
176522 16
176523 16
176525 16
176524 16
176527 17
176528 18
176526 17
176530 20
176529 18
176531 28
176532 13
176533 14
176534 8
176535 8
176536 8
176538 9
176537 9
176539 9
176540 11
176542 10
176541 10
176543 11
176545 11
176544 11
176546 12
176547 12
176548 12
176550 13
176551 13
176549 12
176552 13
176554 14
176555 16
176553 13
176556 14
176557 15
176558 14
176559 15
176560 16
176561 15
176562 14
176563 15
176564 15
176565 16
176566 16
176567 16
176568 18
176569 16
176571 16
176572 17
176570 19
176573 18
176575 18
176574 20
176576 20
176577 21
176578 22
176579 23
176580 30
176581 10
176584 14
176582 12
176583 13
176585 18
176586 12
176587 15
176590 13
176589 25
176588 18
176591 14
176594 14
176592 14
176593 19
176595 27
176596 8
176597 11
176599 16
176598 13
176600 19
176602 9
176601 21
176606 17
176604 14
176607 18
176603 14
176605 15
176610 22
176608 20
176609 21
176611 22
176612 16
176615 6
176613 5
176616 6
176614 5
176617 7
176618 7
176619 7
176621 7
176620 7
176622 8
176623 8
176624 8
176625 8
176626 8
176627 8
176628 8
176630 9
176629 8
176631 9
176632 9
176634 9
176633 9
176635 9
176638 9
176637 9
176636 9
176639 10
176640 10
176641 10
176642 10
176643 10
176644 10
176646 10
176645 10
176647 10
176648 10
176649 10
176650 10
176651 10
176652 10
176653 10
176654 10
176655 10
176656 11
176657 11
176658 11
176659 11
176660 11
176661 11
176662 11
176663 11
176665 11
176664 11
176666 11
176667 11
176668 11
176670 11
176669 11
176672 11
176671 10
176673 11
176675 12
176676 12
176677 12
176678 12
176679 12
176680 12
176681 12
176682 12
176683 12
176684 12
176685 12
176686 12
176674 12
176688 12
176690 12
176687 10
176689 12
176691 12
176693 12
176692 12
176694 12
176695 13
176697 13
176696 13
176699 13
176698 13
176700 13
176701 13
176702 13
176703 13
176704 13
176705 13
176706 13
176707 13
176709 13
176708 13
176711 13
176712 14
176713 14
176714 14
176715 14
176718 14
176716 14
176717 14
176720 14
176719 14
176721 14
176722 14
176724 14
176723 14
176710 13
176725 14
176726 14
176727 14
176728 14
176732 14
176731 13
176730 14
176729 14
176733 15
176736 15
176734 15
176738 15
176737 15
176735 15
176739 15
176741 16
176740 14
176742 16
176744 16
176746 16
176745 16
176743 16
176747 16
176748 16
176749 16
176750 16
176751 16
176753 16
176752 16
176754 16
176755 16
176757 17
176756 16
176758 17
176761 17
176759 17
176760 17
176762 17
176763 17
176764 17
176765 16
176768 17
176766 16
176767 16
176769 17
176771 17
176770 17
176772 17
176774 18
176773 18
176775 17
176778 18
176776 18
176777 18
176779 18
176780 19
176781 19
176784 20
176785 20
176783 19
176786 20
176782 19
176787 20
176789 21
176791 21
176788 21
176792 22
176790 21
176793 22
176794 23
176796 25
176795 24
176797 9
176798 9
176799 10
176800 12
176801 12
176803 17
176802 14
176804 8
176805 9
176806 9
176807 10
176809 9
176810 10
176812 11
176813 11
176811 10
176814 11
176815 11
176817 11
176816 11
176818 11
176819 12
176820 12
176808 10
176822 12
176821 12
176823 12
176824 12
176826 12
176828 12
176827 12
176829 13
176825 12
176831 13
176830 13
176832 13
176833 13
176836 13
176837 13
176835 14
176834 14
176838 14
176839 14
176841 14
176840 14
176844 15
176842 15
176845 15
176843 15
176846 15
176848 16
176847 16
176849 16
176852 16
176851 15
176850 16
176853 16
176854 17
176856 17
176855 17
176858 18
176859 17
176860 18
176857 17
176861 18
176862 18
176864 19
176863 19
176866 18
176867 20
176869 20
176865 19
176868 20
176871 21
176870 21
176872 22
176873 29
176875 11
176874 10
176876 17
176877 11
176879 15
176878 12
176882 9
176883 9
176881 23
176884 10
176885 10
176888 11
176880 18
176887 10
176886 10
176889 11
176890 11
176891 11
176894 13
176893 12
176895 13
176892 11
176897 13
176896 13
176898 13
176900 13
176901 14
176902 14
176899 13
176903 15
176904 15
176905 15
176906 16
176909 17
176908 16
176912 17
176910 17
176911 17
176907 16
176913 17
176914 17
176916 18
176917 19
176918 20
176915 18
176919 22
176920 23
176921 23
176923 16
176922 11
176924 10
176925 12
176926 13
176928 14
176929 15
176930 16
176927 14
176931 16
176933 20
176932 18
176935 25
176934 25
176937 9
176936 9
176938 10
176939 13
176941 17
176942 13
176940 15
176944 16
176945 16
176943 13
176948 11
176946 10
176950 12
176947 10
176949 11
176952 12
176953 12
176951 12
176954 13
176955 13
176956 14
176957 14
176958 14
176959 15
176960 15
176961 16
176962 16
176965 16
176963 16
176964 16
176967 17
176966 17
176968 17
176969 18
176971 18
176970 18
176972 17
176973 19
176976 20
176974 19
176977 20
176975 19
176978 21
176979 23
176982 24
176981 24
176983 26
176980 24
176984 28
176985 5
176986 6
176989 7
176988 7
176987 6
176990 7
176991 7
176992 7
176993 7
176994 8
176995 8
176996 8
176997 8
176998 8
176999 9
177000 9
177001 9
177004 10
177002 9
177003 10
177005 10
177006 10
177007 11
177009 11
177010 11
177008 11
177012 11
177011 11
177013 12
177016 12
177015 11
177014 12
177017 13
177019 14
177018 13
177021 15
177023 17
177022 15
177024 9
177020 14
177025 11
177026 15
177027 15
177029 8
177028 19
177030 11
177032 14
177031 14
177033 16
177035 13
177034 10
177036 16
177038 9
177039 10
177037 17
177040 10
177041 10
177043 11
177042 11
177044 12
177046 13
177047 14
177048 14
177045 11
177050 15
177049 14
177052 16
177051 15
177053 16
177054 16
177056 16
177055 17
177058 19
177059 22
177060 22
177061 22
177062 9
177063 9
177064 11
177066 13
177065 12
177067 16
177069 12
177068 18
177070 13
177057 18
177071 15
177072 18
177074 12
177073 11
177077 14
177076 13
177078 14
177079 14
177080 15
177081 15
177082 15
177084 16
177085 17
177075 13
177086 18
177087 18
177088 10
177083 16
177090 11
177091 11
177089 11
177092 12
177093 12
177094 12
177097 13
177095 13
177096 13
177098 13
177100 14
177101 14
177099 13
177102 14
177103 15
177104 15
177105 15
177106 15
177108 16
177107 15
177109 16
177110 16
177111 16
177113 17
177114 17
177115 17
177112 16
177116 18
177117 18
177118 18
177119 18
177121 18
177120 19
177122 19
177123 20
177124 20
177125 20
177127 21
177128 21
177126 20
177129 22
177130 13
177133 17
177131 13
177132 14
177134 16
177135 18
177136 19
177137 20
177138 10
177139 11
177140 12
177142 14
177143 14
177141 12
177145 15
177144 13
177147 16
177146 16
177148 17
177149 17
177150 18
177152 18
177153 20
177154 21
177155 33
177156 7
177158 8
177160 9
177157 7
177159 8
177161 9
177162 6
177151 18
177165 11
177164 10
177166 12
177163 10
177169 12
177168 12
177167 12
177170 13
177172 14
177175 16
177173 15
177174 15
177177 19
177178 12
177176 17
177179 13
177180 13
177182 4
177183 6
177181 20
177184 7
177171 13
177185 7
177186 8
177187 8
177188 8
177191 10
177192 10
177190 10
177193 10
177189 9
177194 10
177196 10
177195 11
177197 11
177198 11
177201 11
177200 11
177202 11
177203 16
177199 11
177204 12
177206 12
177207 12
177205 12
177209 12
177210 13
177212 13
177211 13
177208 12
177214 14
177213 13
177215 14
177216 14
177218 14
177219 14
177220 15
177217 14
177223 15
177221 15
177222 15
177224 15
177226 15
177227 15
177229 17
177228 16
177225 15
177230 16
177231 16
177232 18
177234 20
177235 20
177233 17
177237 20
177238 21
177239 5
177236 20
177240 6
177243 7
177242 7
177241 6
177244 8
177245 9
177246 9
177247 9
177250 10
177248 10
177251 11
177252 11
177249 10
177254 12
177253 12
177255 13
177256 13
177257 13
177258 15
177259 15
177261 17
177260 16
177262 19
177263 18
177264 18
177265 20
177266 28
177267 10
177269 13
177268 13
177270 14
177271 14
177272 14
177273 15
177274 17
177276 19
177275 18
177277 19
177278 20
177279 22
177281 11
177280 8
177282 12
177284 17
177283 14
177285 19
177287 11
177288 11
177286 11
177290 12
177289 10
177291 12
177292 12
177294 12
177293 12
177296 13
177297 13
177295 13
177298 13
177301 14
177299 13
177300 13
177302 14
177303 14
177305 14
177304 14
177306 14
177307 14
177308 14
177311 15
177309 15
177310 15
177312 15
177313 15
177314 15
177316 15
177315 15
177317 15
177318 16
177319 16
177320 16
177321 16
177322 16
177323 16
177324 16
177325 16
177327 16
177326 16
177328 17
177329 17
177330 17
177331 17
177333 17
177334 17
177332 17
177335 17
177336 18
177337 18
177338 18
177340 17
177339 18
177341 18
177343 19
177342 18
177345 19
177344 19
177346 19
177347 19
177348 20
177350 20
177351 20
177349 20
177352 20
177353 20
177355 20
177354 20
177356 20
177357 20
177358 20
177359 21
177360 21
177361 20
177362 21
177363 21
177364 21
177365 22
177367 22
177366 22
177368 22
177369 22
177370 22
177371 23
177372 24
177373 24
177375 24
177374 24
177376 25
177378 25
177379 28
177380 27
177377 25
177381 7
177382 8
177383 9
177384 9
177386 9
177387 9
177385 9
177388 10
177389 10
177390 10
177391 11
177392 11
177393 11
177394 11
177395 10
177396 11
177397 12
177398 12
177399 12
177401 13
177400 13
177402 13
177403 13
177404 13
177407 13
177406 13
177408 14
177405 13
177409 14
177410 14
177412 14
177411 14
177413 15
177415 15
177414 15
177417 16
177419 17
177418 16
177416 15
177421 17
177420 17
177422 17
177426 19
177424 18
177423 17
177427 21
177425 18
177428 23
177429 24
177431 15
177430 13
177433 11
177434 12
177432 9
177435 12
177436 13
177437 13
177439 13
177440 13
177438 13
177441 15
177442 15
177443 15
177444 15
177445 16
177446 16
177447 16
177448 17
177449 18
177450 21
177453 7
177454 7
177456 8
177455 7
177457 9
177459 12
177458 10
177460 11
177461 13
177463 14
177462 13
177452 6
177464 14
177451 25
177465 17
177466 5
177468 7
177470 8
177469 7
177467 6
177472 8
177473 9
177476 10
177475 9
177471 8
177474 9
177477 10
177478 11
177481 11
177479 11
177482 11
177483 11
177480 11
177484 11
177486 12
177485 11
177487 12
177488 13
177491 13
177492 14
177490 13
177493 14
177489 13
177494 14
177495 14
177496 18
177498 12
177500 18
177499 14
177497 15
177502 11
177501 10
177503 12
177504 12
177506 13
177507 14
177505 13
177508 14
177509 15
177510 15
177511 15
177515 18
177514 17
177512 16
177517 19
177519 20
177513 17
177518 19
177516 19
177520 20
177521 20
177523 22
177522 20
177524 22
177526 24
177525 24
177527 28
177528 11
177529 13
177530 13
177532 19
177531 16
177533 14
177535 25
177534 21
177536 14
177537 15
177538 15
177539 18
177540 20
177541 14
177542 14
177543 15
177544 15
177546 21
177545 20
177547 22
177549 13
177550 17
177548 10
177551 20
177552 23
177555 12
177553 8
177554 10
177557 14
177558 16
177556 14
177560 14
177559 13
177561 18
177562 20
177563 19
177564 25
177565 13
177566 14
177567 16
177568 16
177570 17
177569 17
177571 18
177572 19
177575 21
177573 20
177574 20
177576 22
177577 24
177578 9
177579 10
177582 12
177581 11
177580 11
177583 12
177584 12
177585 12
177587 13
177586 13
177588 14
177589 14
177591 15
177590 14
177592 16
177595 13
177593 17
177594 21
177596 9
177598 13
177597 12
177599 13
177600 14
177601 13
177602 13
177603 17
177604 17
177605 23
177606 24
177607 8
177610 13
177608 11
177609 12
177611 17
177612 11
177615 14
177614 12
177613 13
177616 14
177618 14
177617 14
177620 17
177621 17
177619 15
177622 17
177623 17
177626 20
177624 18
177627 20
177625 19
177628 22
177629 22
177631 7
177632 7
177630 6
177634 8
177635 8
177633 8
177637 9
177636 9
177640 10
177638 10
177639 10
177641 11
177642 11
177644 12
177643 12
177645 12
177646 12
177647 12
177648 12
177649 13
177650 15
177652 16
177651 15
177653 20
177654 14
177655 16
177656 17
177657 19
177658 19
177659 24
177661 15
177660 15
177662 17
177663 18
177664 19
177665 20
177666 21
177667 22
177669 13
177668 29
177670 14
177671 14
177673 14
177672 14
177674 16
177675 18
177677 18
177676 18
177679 19
177678 18
177680 19
177681 19
177682 20
177683 20
177684 20
177685 20
177686 20
177687 21
177690 27
177688 23
177689 24
177691 6
177693 7
177692 7
177694 8
177695 8
177697 9
177696 9
177698 10
177700 10
177699 10
177701 11
177702 11
177703 11
177706 13
177704 12
177705 12
177708 13
177707 13
177709 14
177712 16
177714 15
177713 21
177715 17
177716 18
177717 12
177719 16
177718 15
177720 11
177710 14
177711 15
177722 13
177721 13
177723 14
177726 17
177724 15
177727 17
177729 17
177731 21
177725 16
177730 19
177728 18
177732 14
177733 15
177735 26
177734 21
177737 13
177736 11
177738 15
177739 16
177740 17
177741 17
177742 21
177743 13
177744 14
177745 15
177746 15
177748 16
177747 16
177749 16
177751 16
177750 16
177753 17
177752 17
177756 17
177755 17
177754 17
177757 17
177758 17
177759 17
177760 18
177761 18
177762 18
177763 18
177764 19
177765 19
177766 19
177768 20
177769 20
177767 18
177773 21
177772 21
177771 21
177770 20
177774 21
177775 20
177777 22
177776 22
177779 22
177778 22
177780 22
177781 22
177783 23
177782 22
177785 23
177784 23
177786 23
177787 23
177788 23
177790 24
177791 24
177792 24
177793 24
177794 25
177795 25
177796 26
177797 28
177800 11
177798 30
177799 32
177801 11
177802 11
177804 12
177803 12
177805 12
177806 13
177789 23
177808 13
177807 13
177810 13
177809 13
177812 14
177813 14
177811 14
177814 14
177816 14
177815 14
177817 15
177819 15
177818 15
177823 16
177821 16
177820 16
177822 16
177824 16
177825 16
177826 17
177828 17
177827 17
177829 17
177831 19
177830 18
177832 18
177833 20
177834 20
177835 21
177836 22
177838 12
177837 23
177839 15
177840 15
177841 15
177842 15
177843 16
177844 16
177845 16
177846 16
177847 16
177850 17
177849 16
177848 17
177851 17
177852 18
177853 18
177854 18
177855 18
177856 17
177858 19
177857 19
177859 19
177860 18
177861 19
177862 19
177863 19
177865 19
177864 19
177866 20
177867 20
177869 21
177868 21
177870 21
177871 21
177873 23
177872 22
177874 22
177876 23
177875 21
177878 24
177877 23
177879 25
177880 26
177881 28
177883 9
177882 9
177884 9
177886 9
177885 9
177887 10
177888 10
177889 9
177890 10
177892 10
177891 10
177893 11
177894 11
177895 11
177896 11
177897 11
177898 11
177900 12
177899 12
177901 12
177902 12
177903 12
177905 13
177904 13
177906 13
177907 13
177908 13
177909 13
177910 14
177911 14
177913 14
177912 14
177914 14
177915 14
177916 14
177917 15
177918 15
177919 16
177920 16
177921 16
177923 17
177922 16
177924 17
177925 18
177926 19
177927 17
177929 20
177928 18
177930 16
177931 13
177932 15
177933 17
177934 18
177936 19
177935 23
177937 11
177938 12
177939 14
177940 15
177941 17
177943 19
177942 17
177944 15
177945 20
177946 20
177947 21
177948 16
177949 18
177950 24
177951 17
177952 15
177955 25
177953 22
177954 14
177956 18
177957 21
177959 27
177958 22
177961 14
177960 12
177962 14
177963 15
177964 16
177965 16
177966 17
177967 18
177968 21
177969 23
177973 
177971 12
177970 11
177972 29
177975 
177974 
177976 
177977 
177979 
177978 
177980 
177981 
177983 
177982 
