177984 3
177985 6
177988 3
177986 7
177987 14
177989 6
177990 5
177992 8
177991 8
177994 11
177995 13
177996 9
177997 9
177998 9
177999 11
178000 9
178001 13
178002 7
178004 9
178003 8
178005 7
177993 10
178007 10
178006 10
178009 9
178010 14
178008 6
178011 15
178014 21
178012 17
178013 18
178016 14
178015 12
178018 6
178017 16
178020 10
178019 7
178021 16
178022 7
178025 10
178023 9
178024 9
178027 10
178026 10
178028 12
178030 15
178029 14
178031 15
178033 15
178035 6
178032 14
178036 9
178034 6
178037 10
178038 11
178041 8
178039 11
178040 9
178043 9
178042 8
178046 14
178044 12
178047 18
178045 13
178048 11
178050 9
178049 13
178052 10
178051 9
178053 10
178055 12
178054 12
178056 8
178059 14
178058 10
178057 10
178060 14
178061 15
178062 15
178064 16
178063 15
178066 18
178065 17
178067 13
178068 15
178070 6
178069 5
178072 11
178071 10
178073 13
178076 15
178074 13
178075 13
178077 16
178078 19
178079 10
178080 11
178081 13
178083 8
178084 11
178086 10
178085 8
178087 12
178088 14
178090 9
178091 11
178092 10
178089 15
178082 9
178094 10
178093 15
178095 8
178096 9
178097 13
178098 10
178100 11
178099 11
178101 11
178102 16
178103 11
178104 13
178105 7
178107 7
178106 22
178109 15
178108 11
178110 15
178113 15
178115 9
178111 15
178112 17
178114 18
178116 10
178119 17
178117 11
178118 12
178121 8
178122 14
178120 9
178124 8
178123 13
178125 8
178126 9
178127 10
178128 10
178130 12
178129 10
178131 12
178132 13
178134 15
178133 14
178135 17
178136 15
178137 17
178138 13
178139 12
178140 23
178143 7
178141 22
178142 6
178144 10
178145 10
178147 19
178146 12
178148 9
178150 16
178149 14
178151 5
178152 12
178154 16
178153 12
178155 7
178157 11
178156 10
178158 13
178159 9
178160 14
178161 18
178162 7
178163 8
178164 9
178165 9
178166 10
178167 10
178168 11
178171 11
178169 11
178170 11
178172 12
178174 14
178173 13
178176 15
178175 14
178178 8
178177 18
178179 11
178182 10
178181 13
178180 15
178183 8
178184 9
178185 6
178186 8
178187 14
178189 21
178188 17
178190 24
178192 13
178191 12
178194 19
178193 17
178196 16
178195 7
178197 20
178198 9
178199 15
178200 13
178201 19
178202 17
178204 16
178203 24
178205 23
178206 
178207 
