178210 5
178212 6
178208 2
178209 4
178211 5
178213 6
178214 7
178215 7
178217 7
178216 7
178218 8
178219 8
178221 8
178220 8
178222 9
178223 10
178224 10
178225 10
178226 10
178227 11
178228 11
178229 11
178231 13
178230 12
178232 13
178234 13
178233 13
178235 13
178236 14
178237 14
178239 15
178238 15
178240 16
178241 18
178242 18
178243 3
178244 3
178246 7
178245 4
178247 8
178248 10
178251 15
178250 14
178249 10
178252 15
178253 20
178256 5
178254 22
178257 6
178255 3
178258 6
178259 6
178260 7
178262 8
178263 8
178261 8
178264 8
178267 10
178265 9
178266 9
178268 11
178269 11
178270 12
178271 15
178273 28
178274 4
178272 15
178275 5
178276 6
178277 7
178279 7
178278 7
178280 8
178281 9
178284 10
178282 10
178283 10
178285 11
178287 13
178286 11
178288 13
178290 7
178291 8
178293 13
178294 13
178295 14
178289 6
178292 11
178296 16
178297 16
178298 7
178301 13
178302 13
178300 12
178299 10
178303 14
178304 14
178305 17
178306 17
178308 22
178309 3
178307 20
178310 4
178311 4
178312 4
178313 5
178314 5
178315 6
178316 6
178317 6
178319 6
178320 6
178318 6
178321 7
178322 7
178323 7
178324 7
178325 7
178326 7
178327 7
178328 7
178329 8
178330 8
178331 8
178332 8
178333 8
178334 9
178335 9
178336 9
178337 9
178338 9
178339 9
178340 9
178341 9
178342 9
178343 9
178344 9
178346 10
178345 9
178347 10
178348 9
178350 9
178351 9
178353 10
178354 10
178355 10
178356 10
178357 10
178358 10
178359 10
178360 10
178349 9
178361 10
178352 10
178362 10
178363 10
178365 11
178364 10
178366 11
178367 11
178368 11
178370 11
178369 11
178371 11
178372 12
178373 12
178374 12
178375 12
178377 12
178376 12
178378 12
178379 12
178380 12
178381 12
178382 12
178383 12
178384 12
178385 13
178386 13
178387 13
178389 13
178388 13
178390 13
178391 14
178392 14
178393 14
178394 14
178395 14
178396 14
178398 14
178399 13
178401 14
178402 14
178403 15
178404 15
178406 17
178405 17
178407 15
178397 14
178409 15
178408 15
178400 14
178412 15
178413 16
178411 15
178415 16
178416 16
178419 17
178417 16
178420 17
178410 15
178422 17
178414 16
178421 17
178424 17
178423 16
178418 17
178426 18
178427 18
178425 18
178428 18
178432 18
178429 18
178430 20
178433 18
178431 18
178435 18
178434 18
178438 19
178439 19
178437 19
178436 19
178441 20
178442 20
178440 19
178444 21
178443 20
178445 21
178446 21
178448 21
178449 21
178450 22
178447 21
178451 23
178452 23
178453 24
178454 25
178456 8
178455 6
178458 11
178457 9
178459 11
178460 12
178461 12
178462 13
178463 14
178464 14
178465 17
178467 18
178468 18
178469 18
178466 17
178471 19
178470 18
178472 22
178473 10
178474 12
178475 6
178476 6
178478 10
178477 8
178479 10
178480 11
178481 12
178482 13
178483 18
178484 19
178485 19
178486 25
178488 7
178487 13
178490 9
178489 9
178491 15
178493 20
178492 20
178495 5
178494 3
178496 6
178498 6
178497 6
178499 6
178501 7
178500 7
178503 7
178502 7
178504 7
178505 8
178506 8
178508 9
178507 8
178509 9
178510 9
178511 10
178512 10
178513 11
178514 11
178515 11
178516 11
178517 12
178518 12
178520 13
178521 14
178522 15
178523 15
178524 15
178525 18
178526 6
178527 6
178528 10
178529 11
178530 12
178519 13
178532 10
178531 13
178533 12
178534 12
178535 13
178537 13
178536 13
178538 14
178539 14
178540 14
178542 19
178541 19
178543 19
178544 5
178545 5
178546 6
178547 6
178548 6
178550 7
178549 7
178551 7
178552 7
178553 7
178554 7
178555 7
178556 8
178557 8
178558 8
178559 8
178560 9
178561 9
178562 10
178563 10
178564 10
178566 11
178565 10
178567 11
178568 11
178569 11
178570 11
178572 11
178573 12
178574 12
178575 12
178576 12
178577 12
178578 13
178579 13
178580 13
178581 13
178571 11
178583 14
178585 14
178584 14
178586 14
178582 14
178587 17
178589 18
178588 18
178591 19
178593 23
178592 19
178594 25
178590 18
178596 3
178595 26
178597 6
178598 7
178599 7
178601 9
178600 8
178602 9
178605 9
178604 9
178606 10
178607 10
178608 9
178609 10
178611 11
178610 10
178603 9
178612 12
178613 12
178614 13
178615 13
178617 15
178619 16
178620 16
178618 15
178621 18
178623 33
178624 5
178625 5
178626 10
178627 10
178616 14
178628 12
178629 15
178631 4
178630 16
178632 11
178633 11
178634 19
178622 18
178636 5
178635 4
178637 6
178638 6
178640 7
178642 8
178641 8
178639 6
178643 9
178644 10
178645 12
178647 13
178648 15
178649 16
178646 13
178650 16
178652 17
178654 7
178651 17
178653 23
178655 8
178656 8
178657 9
178658 9
178659 12
178662 14
178661 13
178660 13
178665 17
178663 15
178666 17
178664 15
178668 19
178667 17
178669 21
178670 8
178671 9
178674 12
178673 12
178675 13
178676 13
178678 16
178677 14
178679 21
178680 21
178681 4
178682 6
178683 11
178685 13
178684 12
178686 14
178672 10
178687 15
178688 16
178690 5
178691 7
178692 7
178689 21
178694 8
178693 8
178695 8
178696 8
178697 9
178699 10
178698 9
178700 11
178702 11
178701 11
178703 11
178704 11
178706 12
178705 12
178707 12
178709 12
178708 12
178711 12
178712 13
178713 13
178714 13
178715 13
178716 14
178717 14
178718 15
178719 15
178721 16
178720 16
178710 12
178722 16
178723 17
178724 20
178726 4
178725 24
178727 7
178728 9
178729 9
178730 10
178731 11
178732 13
178733 13
178735 17
178734 13
178736 17
178737 29
178738 4
178739 6
178740 7
178741 7
178742 7
178744 7
178743 7
178745 8
178747 9
178746 9
178748 10
178749 10
178751 10
178750 10
178752 11
178755 11
178754 11
178756 12
178757 12
178758 13
178759 13
178760 14
178762 15
178761 14
178763 16
178753 11
178765 17
178764 16
178766 17
178768 5
178769 5
178767 4
178770 6
178772 6
178771 6
178774 6
178773 6
178775 6
178776 7
178777 7
178778 7
178779 7
178781 7
178780 7
178783 8
178782 7
178786 8
178784 8
178785 8
178789 8
178788 8
178787 8
178791 8
178790 8
178792 8
178793 8
178794 8
178797 9
178795 9
178798 9
178800 9
178799 9
178801 9
178803 9
178802 9
178804 9
178806 9
178805 9
178807 9
178810 9
178808 9
178809 9
178811 9
178812 9
178813 10
178815 10
178816 10
178817 10
178819 10
178820 10
178818 10
178821 10
178822 10
178823 10
178824 10
178825 10
178814 10
178827 10
178826 10
178829 10
178830 10
178828 10
178831 10
178796 9
178833 10
178832 10
178834 11
178837 11
178835 11
178838 11
178836 11
178839 11
178841 11
178840 11
178842 11
178843 11
178844 10
178845 10
178847 11
178848 11
178849 11
178846 11
178850 11
178851 11
178852 11
178854 11
178853 11
178855 11
178856 11
178857 11
178858 11
178859 11
178860 11
178861 11
178862 11
178864 11
178863 11
178865 12
178867 12
178866 12
178868 12
178869 12
178870 12
178871 12
178872 12
178873 12
178875 12
178874 12
178876 12
178877 12
178878 12
178879 12
178880 12
178881 12
178882 12
178883 13
178884 13
178885 13
178886 13
178887 13
178888 13
178889 13
178890 13
178891 13
178893 13
178892 13
178895 13
178894 13
178896 13
178897 13
178898 13
178899 14
178901 14
178900 14
178903 14
178902 14
178904 14
178906 13
178905 14
178907 13
178908 14
178909 14
178911 14
178910 14
178912 14
178913 14
178914 14
178915 14
178916 14
178918 14
178917 14
178919 14
178921 15
178920 15
178922 15
178923 15
178926 15
178924 15
178927 15
178925 15
178928 15
178929 15
178932 15
178930 15
178931 15
178933 15
178934 16
178935 16
178936 16
178937 16
178938 16
178939 15
178940 16
178941 16
178943 16
178942 16
178948 16
178949 16
178946 16
178944 16
178945 16
178947 16
178950 16
178951 17
178952 17
178954 17
178953 16
178955 17
178956 17
178957 17
178958 17
178959 17
178960 17
178961 17
178962 18
178965 18
178963 18
178964 18
178966 18
178967 18
178969 18
178968 18
178970 18
178971 18
178972 19
178973 19
178974 19
178975 19
178976 19
178977 18
178978 19
178979 19
178981 19
178980 19
178983 19
178982 19
178984 19
178985 19
178986 19
178987 19
178988 20
178989 20
178990 20
178991 20
178992 20
178993 20
178994 20
178995 20
178996 20
178997 20
178998 21
178999 21
179001 22
179000 21
179002 23
179005 24
179003 23
179004 23
179006 24
179007 24
179009 27
179008 25
179010 5
179011 7
179013 8
179012 7
179016 9
179014 8
179015 9
179017 10
179018 10
179021 12
179019 11
179020 11
179022 12
179023 12
179024 13
179025 14
179027 16
179026 15
179029 21
179028 16
179031 5
179030 4
179032 5
179033 6
179034 6
179036 7
179035 7
179037 7
179038 7
179039 7
179041 7
179040 7
179042 7
179043 7
179045 8
179044 7
179046 8
179047 8
179048 8
179049 9
179051 9
179050 9
179052 9
179053 9
179054 9
179056 10
179055 9
179057 10
179058 10
179059 10
179060 10
179061 10
179062 10
179064 10
179065 10
179066 10
179063 10
179067 10
179068 10
179069 11
179071 11
179072 11
179070 11
179073 11
179074 11
179075 11
179076 11
179077 11
179078 12
179080 12
179079 12
179083 12
179082 12
179081 11
179084 12
179085 12
179086 12
179088 12
179087 12
179089 12
179090 13
179091 13
179092 13
179093 13
179094 13
179095 13
179096 13
179097 13
179098 13
179099 14
179100 14
179101 13
179103 14
179102 14
179104 14
179105 14
179106 14
179108 14
179107 15
179109 15
179110 15
179111 15
179112 15
179114 15
179113 15
179115 15
179116 15
179118 15
179117 16
179119 16
179120 17
179121 17
179122 17
179123 17
179124 17
179125 17
179126 18
179128 18
179127 18
179129 18
179130 19
179131 19
179132 19
179134 20
179133 19
179135 20
179136 21
179137 9
179138 9
179140 14
179139 14
179141 15
179143 19
179142 20
179144 22
179145 23
179147 10
179146 14
179148 10
179149 8
179150 10
179151 11
179152 11
179153 12
179154 12
179155 14
179156 14
179157 15
179158 15
179159 16
179160 17
179162 28
179161 22
179164 6
179163 4
179165 7
179167 7
179168 8
179166 7
179169 8
179170 8
179172 9
179171 9
179174 10
179173 9
179175 10
179176 11
179177 12
179178 12
179180 12
179181 12
179182 12
179179 12
179183 12
179184 13
179185 13
179186 13
179187 13
179188 13
179189 14
179190 14
179191 14
179192 15
179193 15
179195 15
179197 16
179196 15
179194 15
179199 16
179198 16
179200 16
179201 17
179202 19
179203 20
179204 20
179205 22
179206 4
179207 5
179208 6
179209 6
179210 6
179211 7
179212 7
179213 7
179214 7
179216 7
179215 7
179217 7
179218 7
179220 7
179219 7
179221 7
179222 7
179224 8
179223 8
179227 8
179225 8
179226 8
179228 9
179229 9
179230 9
179232 9
179233 9
179231 9
179235 9
179238 9
179234 9
179236 9
179237 9
179242 10
179240 9
179239 9
179241 9
179243 10
179246 10
179247 10
179244 10
179245 10
179248 10
179249 10
179251 10
179250 10
179252 10
179253 10
179255 11
179254 10
179256 11
179257 11
179259 11
179258 11
179260 10
179261 11
179262 11
179264 11
179263 11
179267 12
179266 11
179265 11
179268 12
179269 12
179270 12
179272 11
179271 12
179273 12
179274 12
179275 12
179277 12
179276 12
179279 12
179278 12
179280 12
179282 13
179283 13
179281 13
179284 13
179285 13
179286 13
179288 13
179287 13
179289 13
179290 13
179291 13
179292 13
179293 13
179294 13
179296 14
179295 14
179297 13
179298 14
179300 14
179299 14
179301 14
179302 14
179303 14
179304 14
179305 14
179307 14
179308 15
179306 14
179309 15
179311 15
179310 15
179312 14
179313 15
179314 15
179315 15
179317 15
179316 15
179320 16
179318 15
179319 16
179322 16
179324 16
179323 16
179321 16
179326 16
179327 16
179328 16
179329 16
179330 16
179333 17
179332 16
179331 16
179334 17
179336 17
179335 16
179337 17
179325 15
179338 17
179339 17
179340 17
179341 17
179344 18
179343 17
179345 18
179342 18
179347 18
179346 18
179348 18
179349 19
179351 19
179350 19
179352 19
179353 19
179354 20
179355 19
179356 21
179358 22
179357 20
179360 23
179359 22
179361 5
179364 8
179363 8
179362 8
179365 9
179367 11
179366 10
179369 11
179368 11
179370 12
179371 13
179372 13
179373 14
179374 14
179375 15
179377 16
179380 23
179379 19
179381 6
179383 7
179382 6
179384 7
179376 15
179386 7
179385 7
179387 7
179389 7
179378 16
179388 7
179390 8
179391 8
179392 8
179393 9
179395 9
179394 9
179396 9
179399 10
179397 9
179398 9
179400 10
179402 10
179401 10
179403 10
179404 10
179405 10
179406 10
179407 10
179408 11
179409 11
179411 11
179410 11
179412 11
179415 11
179414 11
179416 11
179413 11
179417 11
179418 12
179419 12
179420 12
179421 11
179423 12
179424 12
179422 12
179425 12
179426 12
179427 12
179429 13
179428 13
179430 12
179431 13
179432 13
179433 13
179434 13
179436 13
179435 13
179438 13
179437 13
179439 14
179442 14
179440 14
179441 14
179443 14
179444 14
179446 14
179445 14
179447 14
179448 14
179449 14
179450 14
179451 14
179453 15
179452 14
179454 15
179455 15
179456 15
179457 15
179460 16
179458 16
179459 16
179461 16
179462 15
179463 16
179464 16
179465 16
179466 16
179467 16
179468 16
179469 16
179471 16
179470 16
179473 17
179472 17
179474 16
179476 17
179475 17
179478 17
179477 17
179480 18
179479 17
179482 18
179481 18
179483 18
179484 19
179486 19
179485 19
179487 19
179488 20
179489 21
179491 21
179490 21
179492 22
179493 22
179494 23
179495 23
179496 24
179497 24
179498 24
179499 29
179500 9
179501 10
179504 13
179503 12
179502 12
179505 13
179506 13
179507 13
179508 15
179509 15
179510 21
179511 21
179512 7
179513 7
179515 8
179514 8
179516 9
179517 9
179518 11
179519 11
179520 11
179521 11
179523 11
179522 11
179524 11
179527 14
179526 14
179528 15
179525 12
179529 15
179531 16
179530 16
179532 16
179534 5
179533 19
179535 7
179536 8
179537 11
179538 15
179539 7
179540 7
179541 7
179542 8
179544 8
179543 8
179547 9
179546 9
179545 9
179548 9
179550 10
179549 9
179551 10
179552 11
179553 13
179554 14
179557 14
179556 14
179555 14
179559 16
179558 16
179560 17
179561 18
179562 19
179564 21
179565 21
179563 19
179566 10
179568 14
179569 5
179567 14
179570 5
179571 5
179572 5
179574 7
179575 7
179573 6
179576 8
179578 9
179577 8
179581 10
179580 10
179582 10
179579 9
179583 10
179584 10
179585 11
179587 11
179586 11
179588 11
179589 11
179590 12
179591 12
179592 12
179593 12
179594 13
179597 13
179595 13
179596 13
179598 13
179599 13
179601 14
179600 13
179602 14
179603 14
179604 14
179606 15
179607 16
179608 16
179609 16
179605 14
179610 16
179611 16
179612 16
179613 17
179614 18
179615 19
179619 19
179618 19
179617 19
179616 19
179620 21
179622 26
179621 23
179623 3
179625 11
179624 10
179626 21
179627 7
179629 9
179630 10
179631 13
179632 14
179634 16
179633 14
179636 17
179635 16
179638 10
179639 11
179637 6
179641 12
179628 8
179640 12
179642 16
179644 18
179643 18
179646 5
179645 5
179647 7
179648 7
179649 7
179650 7
179651 8
179652 8
179653 9
179654 11
179655 11
179657 12
179656 12
179659 13
179660 13
179662 13
179661 13
179663 13
179666 19
179667 19
179664 16
179665 16
179668 6
179658 13
179669 7
179670 7
179671 11
179672 13
179674 13
179673 13
179676 15
179675 14
179678 18
179677 15
179679 9
179680 12
179681 12
179683 13
179682 13
179684 15
179686 6
179688 9
179685 5
179687 7
179689 9
179690 10
179691 10
179692 10
179694 10
179693 10
179695 10
179696 11
179697 11
179700 11
179699 11
179698 11
179701 11
179702 12
179703 12
179704 12
179705 12
179706 13
179708 14
179707 13
179709 14
179710 14
179714 16
179713 16
179712 15
179715 17
179716 15
179717 17
179719 18
179718 17
179720 19
179722 20
179711 14
179723 22
179724 22
179727 25
179726 23
179725 23
179728 26
179729 5
179732 12
179721 20
179730 10
179733 18
179731 10
179734 6
179737 8
179736 8
179739 10
179738 10
179740 11
179742 12
179741 11
179744 16
179743 13
179745 16
179748 20
179746 17
179747 18
179749 6
179735 8
179750 6
179752 7
179753 7
179751 6
179755 8
179756 8
179754 7
179757 8
179758 9
179759 9
179761 9
179762 9
179763 10
179760 9
179764 10
179765 10
179768 11
179766 10
179769 12
179770 12
179767 11
179771 14
179772 15
179773 15
179775 16
179774 16
179776 17
179777 18
179779 21
179778 20
179780 8
179783 15
179782 12
179781 12
179784 15
179785 10
179786 17
179788 6
179787 5
179789 7
179790 7
179791 7
179792 7
179794 9
179795 9
179796 10
179793 8
179797 10
179798 11
179801 12
179799 11
179800 11
179802 12
179803 12
179804 12
179805 12
179806 13
179807 13
179808 13
179809 14
179810 14
179811 15
179814 17
179813 15
179812 15
179815 18
179816 18
179817 21
179819 5
179818 23
179820 6
179821 6
179824 7
179822 7
179823 7
179825 7
179827 8
179826 8
179829 8
179831 7
179832 8
179828 7
179830 7
179833 8
179834 8
179835 9
179836 8
179838 9
179837 9
179839 9
179840 10
179842 9
179841 10
179843 10
179844 10
179845 10
179846 9
179847 10
179848 9
179849 10
179850 9
179851 10
179852 10
179854 11
179853 11
179855 10
179856 11
179857 11
179859 10
179858 10
179860 11
179861 11
179862 12
179864 10
179863 12
179865 12
179866 12
179867 12
179869 11
179868 12
179870 12
179871 11
179873 13
179872 13
179874 12
179875 12
179876 12
179877 12
179878 13
179880 12
179879 13
179881 13
179882 12
179883 12
179884 12
179885 12
179886 14
179887 14
179888 12
179891 13
179890 14
179889 14
179892 13
179893 14
179894 13
179895 14
179896 15
179897 14
179899 14
179902 15
179898 14
179900 15
179901 15
179904 14
179903 14
179906 15
179905 14
179907 15
179908 14
179909 15
179910 16
179911 16
179912 16
179913 16
179914 15
179916 17
179915 16
179917 17
179918 17
179919 16
179921 17
179920 18
179923 19
179922 18
179924 18
179925 19
179926 18
179927 18
179928 18
179929 19
179930 20
179931 20
179932 20
179933 21
179934 19
179935 19
179936 20
179937 20
179938 22
179940 21
179939 21
179941 28
179942 6
179943 6
179945 8
179944 7
179946 8
179947 9
179948 9
179949 10
179951 10
179950 10
179952 10
179953 10
179954 11
179956 11
179955 11
179957 11
179958 11
179959 12
179960 12
179961 12
179962 12
179963 12
179964 12
179966 12
179965 12
179967 13
179968 13
179969 14
179971 15
179970 15
179973 16
179972 16
179974 16
179975 16
179976 16
179977 8
179979 10
179978 9
179980 10
179981 11
179983 12
179982 11
179984 12
179985 13
179986 25
179988 6
179987 5
179989 6
179990 6
179991 6
179993 8
179992 7
179994 7
179995 7
179996 9
179997 8
179998 8
179999 8
180000 9
180001 8
180002 9
180005 9
180003 9
180004 9
180006 9
180008 9
180007 9
180009 9
180010 9
180011 9
180012 9
180013 9
180014 9
180015 9
180016 9
180017 10
180018 10
180019 9
180021 10
180022 10
180020 11
180023 11
180024 10
180025 10
180026 10
180028 9
180027 10
180029 10
180030 9
180032 10
180034 11
180031 11
180033 11
180035 11
180036 11
180038 11
180037 11
180039 11
180040 10
180041 11
180042 11
180043 11
180044 11
180046 11
180045 11
180047 11
180048 11
180051 11
180050 11
180052 11
180049 11
180053 11
180055 12
180054 11
180056 12
180057 12
180058 11
180060 12
180059 13
180061 12
180062 12
180063 12
180064 12
180065 13
180067 12
180066 12
180068 12
180070 12
180069 12
180071 12
180072 12
180074 13
180073 13
180075 13
180076 14
180077 14
180078 13
180079 14
180080 13
180082 13
180081 13
180083 13
180084 13
180086 13
180085 13
180087 15
180088 14
180090 15
180089 14
180091 14
180092 14
180094 14
180093 14
180095 14
180096 14
180098 15
180097 14
180099 14
180100 15
180102 15
180101 15
180103 15
180104 15
180107 16
180106 16
180105 15
180110 15
180108 17
180109 15
180111 16
180112 17
180114 17
180113 17
180115 18
180116 19
180119 18
180118 19
180120 18
180121 19
180117 17
180122 19
180123 20
180124 21
180125 22
180127 22
180126 21
180128 22
180129 23
180130 23
180131 14
180134 6
180132 16
180133 18
180135 7
180136 8
180138 10
180137 9
180139 10
180140 10
180141 10
180142 10
180143 10
180144 10
180145 11
180147 11
180146 11
180148 11
180149 11
180150 11
180151 11
180152 11
180153 12
180154 12
180155 12
180156 12
180157 12
180158 12
180159 12
180160 12
180161 12
180162 13
180163 13
180164 13
180165 13
180166 13
180168 14
180167 13
180169 14
180170 14
180171 14
180173 15
180174 15
180172 14
180175 15
180176 15
180177 16
180179 16
180178 16
180180 16
180181 16
180182 16
180183 16
180185 17
180184 17
180186 17
180187 18
180188 18
180189 18
180190 19
180192 19
180191 19
180193 19
180196 20
180194 19
180195 20
180197 20
180199 21
180198 20
180200 21
180201 22
180202 24
180203 24
180204 24
180205 6
180206 9
180208 10
180207 9
180210 20
180209 12
180213 12
180211 10
180215 16
180212 11
180214 15
180216 17
180217 10
180218 11
180220 12
180219 12
180221 16
180222 19
180223 20
180225 10
180226 10
180227 10
180228 10
180229 10
180231 11
180230 10
180232 11
180235 13
180233 12
180234 12
180224 8
180236 13
180237 13
180239 14
180240 14
180238 14
180241 15
180242 15
180243 16
180244 16
180245 16
180246 16
180247 16
180248 18
180249 18
180250 18
180251 18
180252 19
180253 19
180255 20
180254 20
180256 20
180257 21
180260 28
180258 22
180259 23
180261 11
180262 6
180265 8
180263 7
180264 7
180266 8
180267 8
180268 9
180269 9
180270 9
180271 10
180272 10
180275 10
180274 10
180273 10
180276 10
180278 11
180277 11
180279 11
180281 11
180280 11
180283 12
180282 11
180284 12
180285 12
180286 12
180288 12
180287 12
180289 12
180290 13
180291 13
180292 13
180293 13
180294 13
180297 13
180295 13
180296 13
180299 14
180298 14
180300 14
180301 14
180302 14
180303 15
180305 15
180304 15
180306 15
180307 16
180308 16
180309 16
180310 16
180311 16
180312 16
180313 16
180314 17
180315 17
180317 20
180316 18
180319 7
180318 19
180320 7
180321 8
180323 11
180325 12
180322 10
180324 11
180327 12
180326 12
180329 14
180330 14
180328 14
180331 15
180332 17
180333 20
180336 6
180334 20
180335 20
180337 7
180338 7
180339 7
180341 8
180343 8
180340 8
180342 8
180344 8
180345 9
180346 10
180348 10
180349 11
180350 11
180351 11
180353 11
180352 11
180355 12
180354 12
180356 12
180347 10
180358 13
180359 14
180361 14
180360 14
180362 14
180363 14
180364 14
180366 15
180365 15
180367 16
180368 16
180370 17
180371 17
180369 17
180372 17
180373 18
180357 12
180376 20
180375 19
180374 18
180378 30
180381 7
180380 5
180379 4
180382 7
180377 21
180383 7
180385 8
180384 8
180386 8
180387 8
180388 8
180389 9
180391 10
180390 9
180393 10
180394 10
180395 10
180399 10
180392 10
180400 10
180397 10
180396 10
180398 10
180403 11
180401 10
180405 11
180402 11
180404 11
180406 11
180407 11
180409 11
180411 11
180408 11
180410 11
180412 11
180414 12
180413 12
180415 12
180416 12
180417 12
180419 12
180418 12
180420 12
180421 12
180423 12
180422 12
180424 12
180426 12
180425 12
180429 12
180428 12
180427 12
180431 12
180430 12
180434 12
180432 12
180433 12
180435 12
180436 13
180437 13
180439 13
180438 13
180441 13
180440 13
180442 13
180443 13
180445 12
180446 13
180447 12
180448 13
180449 13
180444 13
180451 13
180452 13
180450 13
180455 13
180454 13
180453 13
180456 13
180459 13
180458 13
180457 13
180461 13
180462 13
180460 13
180463 14
180465 14
180464 14
180466 14
180467 14
180469 14
180470 13
180468 14
180471 14
180472 13
180475 14
180476 14
180477 14
180474 14
180478 13
180479 14
180480 14
180481 14
180482 14
180483 14
180484 14
180486 14
180487 15
180485 14
180488 15
180489 15
180473 13
180491 14
180492 15
180490 15
180493 15
180495 15
180494 15
180498 15
180496 15
180497 15
180499 15
180501 15
180502 15
180500 15
180504 15
180503 15
180505 16
180506 16
180508 16
180507 16
180510 16
180509 16
180511 15
180512 15
180513 15
180515 16
180516 15
180514 16
180517 16
180518 16
180519 16
180521 16
180520 16
180523 16
180524 17
180522 16
180525 17
180527 17
180529 16
180526 17
180528 17
180530 16
180531 17
180532 17
180534 17
180533 17
180536 18
180537 18
180538 18
180539 18
180540 18
180535 18
180541 18
180543 18
180542 18
180545 19
180544 18
180548 19
180546 19
180547 19
180549 18
180550 19
180551 19
180552 19
180553 19
180554 20
180555 20
180556 21
180558 21
180557 21
180560 22
180559 21
180561 21
180562 22
180564 23
180563 22
180565 24
180566 24
180567 24
180569 26
180568 24
180571 27
180570 26
180573 7
180572 31
180574 7
180576 9
180577 9
180578 10
180580 11
180579 10
180581 11
180582 11
180585 12
180583 11
180584 11
180587 13
180586 12
180589 14
180588 13
180590 14
180591 14
180592 16
180593 16
180575 8
180594 17
180595 18
180597 23
180596 21
180599 6
180598 6
180603 9
180600 7
180601 8
180604 10
180602 9
180606 11
180607 11
180605 10
180608 11
180609 12
180610 12
180611 12
180614 14
180613 13
180615 14
180616 15
180619 16
180617 15
180618 16
180620 17
180623 19
180624 19
180621 17
180622 18
180625 9
180626 9
180612 13
180628 10
180627 10
180630 12
180629 10
180634 12
180632 12
180635 13
180633 13
180631 11
180636 19
180638 7
180639 8
180637 20
180640 8
180641 9
180643 10
180645 11
180646 11
180644 10
180642 9
180648 12
180649 13
180647 11
180650 13
180652 13
180653 14
180651 13
180654 15
180656 15
180655 15
180657 16
180660 22
180659 17
180658 17
180662 9
180661 29
180663 13
180667 19
180666 13
180665 12
180664 18
180668 7
180669 8
180670 8
180671 8
180674 13
180673 11
180672 9
180676 14
180675 14
180679 17
180677 15
180678 16
180680 18
180681 7
180682 8
180683 8
180686 14
180685 10
180688 9
180687 8
180684 9
180689 10
180691 17
180690 14
180694 6
180692 7
180693 6
180695 6
180698 7
180696 7
180697 7
180699 9
180700 9
180701 8
180703 8
180702 8
180704 9
180705 9
180706 9
180707 9
180709 9
180708 9
180711 10
180710 10
180712 10
180713 10
180714 10
180715 10
180718 10
180717 10
180716 10
180720 10
180719 10
180722 10
180721 10
180723 10
180724 10
180726 13
180727 11
180725 11
180729 11
180728 11
180730 11
180732 11
180731 12
180734 12
180733 11
180735 11
180737 11
180740 12
180736 11
180739 11
180738 11
180742 12
180741 12
180743 12
180744 12
180745 12
180746 12
180747 12
180748 12
180749 12
180750 12
180751 12
180752 12
180753 12
180754 12
180755 12
180756 12
180757 12
180758 13
180759 13
180760 13
180763 14
180761 13
180764 12
180765 13
180767 13
180766 13
180768 13
180769 14
180770 13
180771 13
180772 13
180762 13
180773 14
180774 14
180775 14
180777 13
180776 14
180780 14
180778 14
180779 14
180781 14
180782 14
180783 14
180784 14
180785 14
180786 15
180788 15
180787 15
180790 15
180791 15
180789 14
180793 15
180794 15
180792 14
180798 15
180797 15
180795 15
180796 15
180800 15
180799 15
180801 15
180803 15
180804 15
180802 15
180806 15
180805 16
180807 15
180808 16
180810 16
180809 16
180811 16
180813 16
180814 16
180812 16
180815 16
180816 16
180817 16
180818 16
180819 17
180820 16
180822 18
180823 17
180821 17
180824 17
180825 16
180826 17
180827 18
180828 18
180829 18
180830 17
180831 20
180834 19
180832 18
180833 18
180835 19
180836 19
180838 20
180837 20
180840 21
180841 20
180839 20
180842 20
180844 21
180846 22
180843 21
180847 22
180845 21
180848 24
180849 25
180850 30
180852 7
180851 33
180853 7
180854 7
180855 7
180856 7
180858 7
180859 8
180857 7
180860 8
180863 8
180862 8
180861 8
180865 9
180864 8
180866 9
180867 10
180868 10
180870 10
180869 10
180871 10
180872 10
180874 11
180873 11
180877 11
180876 11
180875 11
180878 11
180879 11
180880 11
180881 11
180882 11
180883 11
180884 11
180885 11
180886 11
180888 12
180887 12
180889 12
180890 12
180891 12
180893 12
180892 12
180894 12
180895 12
180896 12
180898 12
180897 12
180899 12
180901 12
180900 12
180902 12
180904 12
180903 12
180905 13
180906 13
180907 13
180909 13
180908 13
180910 13
180911 13
180912 13
180913 13
180914 14
180917 14
180915 13
180916 14
180918 14
180919 14
180920 14
180921 14
180922 14
180923 14
180925 14
180924 14
180926 14
180928 15
180927 15
180929 15
180930 15
180933 16
180932 15
180931 15
180934 16
180935 16
180936 16
180937 16
180938 16
180940 16
180939 16
180941 17
180942 17
180943 17
180944 17
180946 18
180945 18
180948 19
180947 18
180951 19
180949 19
180950 18
180953 20
180952 19
180954 20
180955 20
180957 20
180956 20
180958 23
180959 25
180961 28
180962 28
180960 25
180964 8
180963 37
180966 9
180965 8
180967 10
180968 10
180970 11
180969 11
180971 12
180972 12
180974 13
180975 14
180973 13
180978 15
180977 15
180979 16
180976 14
180980 16
180983 19
180981 17
180982 17
180984 21
180985 22
180986 26
180987 7
180988 15
180990 23
180989 17
180991 9
180992 9
180993 9
180994 11
180995 12
180997 12
180996 12
180999 12
180998 12
181000 12
181002 15
181003 16
181001 14
181004 16
181005 16
181006 18
181008 20
181009 21
181007 19
181010 14
181011 8
181012 8
181013 11
181014 20
181015 10
181017 6
181016 14
181018 7
181019 8
181020 8
181021 9
181022 10
181023 10
181024 11
181026 12
181025 12
181027 13
181028 13
181030 14
181029 13
181032 15
181031 14
181034 7
181033 4
181035 6
181037 8
181036 8
181038 9
181039 9
181040 10
181041 9
181042 10
181043 11
181046 11
181045 11
181044 10
181047 11
181048 12
181049 12
181051 12
181052 12
181050 12
181053 13
181054 14
181055 13
181056 13
181057 14
181058 14
181059 14
181060 14
181061 14
181062 15
181063 15
181064 17
181065 16
181066 17
181069 20
181068 19
181067 18
181072 7
181070 24
181071 14
181073 7
181074 8
181075 8
181077 8
181076 8
181078 8
181079 9
181080 9
181081 9
181082 9
181083 9
181084 9
181086 11
181085 9
181087 11
181089 11
181090 11
181091 10
181088 10
181092 10
181093 11
181094 11
181095 11
181096 11
181097 11
181098 12
181099 12
181100 12
181101 12
181104 12
181102 13
181105 12
181106 12
181107 12
181109 13
181108 13
181110 13
181111 12
181112 13
181113 13
181114 13
181103 12
181116 15
181115 12
181119 14
181117 14
181118 14
181120 14
181121 14
181122 14
181125 15
181124 14
181123 14
181126 14
181127 14
181128 14
181129 15
181130 15
181132 16
181131 16
181133 16
181134 16
181135 16
181137 16
181136 16
181138 16
181139 17
181140 17
181141 18
181142 17
181143 18
181144 18
181145 18
181146 19
181147 20
181148 20
181149 20
181150 24
181151 24
181152 25
181154 10
181153 26
181156 7
181157 8
181158 8
181160 10
181159 8
181162 10
181161 10
181164 12
181163 10
181166 13
181165 12
181167 14
181155 10
181169 13
181168 18
181171 9
181170 14
181172 11
181173 11
181175 13
181176 13
181174 12
181177 13
181178 14
181179 14
181182 8
181183 7
181181 8
181180 14
181184 8
181185 9
181186 10
181188 11
181187 10
181189 11
181190 11
181191 12
181193 12
181194 12
181192 12
181195 13
181196 15
181199 15
181201 15
181198 15
181197 15
181200 15
181203 16
181204 16
181205 17
181206 18
181202 15
181207 18
181208 23
181209 13
181211 8
181210 6
181212 8
181213 9
181214 9
181215 9
181216 9
181217 10
181218 10
181219 10
181220 10
181221 10
181222 10
181223 11
181224 11
181225 11
181228 11
181227 11
181229 12
181231 12
181230 12
181232 12
181233 12
181234 13
181235 13
181236 13
181237 13
181238 14
181240 14
181226 11
181239 14
181242 16
181241 15
181243 16
181246 18
181245 17
181247 21
181244 17
181248 21
181249 22
181250 12
181251 6
181253 9
181252 9
181254 10
181255 10
181256 11
181259 13
181257 11
181258 12
181260 13
181263 14
181261 13
181262 13
181264 14
181265 23
181266 9
181267 10
181269 12
181268 10
181270 14
181271 8
181272 9
181273 9
181274 10
181275 10
181276 11
181278 11
181277 11
181279 12
181282 13
181280 12
181281 12
181283 13
181284 13
181285 13
181286 13
181288 14
181287 13
181290 14
181289 14
181291 14
181294 14
181293 14
181292 14
181295 14
181296 15
181298 17
181297 16
181299 17
181300 17
181302 18
181301 17
181303 18
181304 19
181306 19
181305 19
181307 19
181308 19
181311 21
181309 20
181310 21
181313 22
181312 21
181314 22
181316 25
181315 25
181318 9
181317 8
181319 9
181322 10
181321 10
181320 10
181323 10
181324 10
181326 10
181325 10
181329 11
181327 10
181328 11
181330 11
181332 11
181331 11
181333 11
181334 12
181336 13
181335 12
181338 13
181337 13
181339 13
181340 14
181342 16
181341 14
181343 15
181346 15
181344 15
181345 15
181347 15
181348 16
181350 16
181349 16
181351 16
181354 19
181352 17
181353 17
181355 21
181356 25
181359 14
181357 8
181358 13
181360 10
181361 10
181362 12
181363 12
181364 13
181367 19
181366 18
181365 17
181368 21
181369 7
181372 8
181370 8
181371 8
181373 9
181374 9
181375 9
181376 9
181377 9
181379 10
181378 9
181380 10
181381 10
181383 10
181382 10
181384 10
181385 11
181386 11
181387 11
181388 11
181389 12
181390 12
181391 12
181394 13
181393 12
181392 12
181395 13
181396 13
181399 14
181398 14
181401 14
181400 14
181397 13
181403 15
181402 14
181406 16
181404 16
181408 17
181405 16
181407 17
181409 17
181410 16
181413 18
181412 18
181411 17
181416 20
181417 22
181415 19
181418 22
181420 7
181419 24
181421 8
181422 8
181424 8
181423 8
181414 18
181425 9
181426 9
181429 11
181427 9
181428 10
181430 11
181431 11
181432 11
181433 11
181434 11
181436 11
181438 12
181437 11
181435 11
181439 12
181440 12
181443 12
181442 13
181441 12
181444 12
181445 12
181446 12
181447 12
181448 12
181449 13
181450 14
181451 13
181452 13
181453 13
181454 14
181455 14
181456 14
181457 15
181458 15
181459 15
181460 15
181461 15
181462 15
181463 15
181464 17
181465 16
181467 17
181466 16
181468 19
181469 21
181470 15
181471 22
181472 7
181473 9
181474 9
181475 9
181477 10
181476 9
181478 10
181479 11
181480 11
181481 11
181482 12
181483 12
181484 12
181485 13
181486 13
181487 13
181488 13
181490 14
181489 14
181492 14
181491 14
181493 15
181494 15
181495 15
181497 15
181496 15
181498 16
181499 16
181500 16
181502 17
181501 16
181503 17
181504 17
181505 18
181506 19
181507 20
181508 20
181509 7
181510 9
181511 9
181512 10
181513 11
181514 11
181515 12
181516 12
181517 13
181518 15
181519 15
181520 16
181521 16
181522 16
181523 16
181525 21
181524 18
181527 8
181526 6
181528 9
181529 9
181530 9
181532 10
181531 10
181533 11
181534 12
181535 12
181536 12
181538 13
181537 13
181539 13
181540 14
181541 14
181542 14
181543 15
181545 16
181544 16
181546 17
181547 21
181548 8
181550 10
181549 9
181551 10
181552 10
181553 10
181554 10
181555 11
181557 11
181556 11
181558 11
181559 11
181561 11
181560 11
181562 12
181563 12
181564 12
181565 12
181566 12
181568 12
181567 12
181569 12
181570 13
181571 13
181572 13
181573 13
181574 13
181575 13
181576 13
181577 13
181578 13
181579 13
181581 13
181580 13
181582 14
181583 14
181584 14
181585 14
181586 14
181587 14
181588 14
181589 14
181590 14
181591 14
181592 14
181596 15
181593 14
181595 15
181594 15
181597 15
181598 15
181601 15
181599 15
181600 15
181602 16
181603 16
181606 16
181604 16
181607 16
181605 16
181608 16
181609 17
181610 17
181611 17
181612 17
181613 18
181614 18
181615 18
181616 18
181617 18
181618 18
181619 19
181621 19
181620 19
181622 19
181623 19
181624 19
181625 19
181626 19
181627 21
181628 20
181630 21
181629 21
181631 21
181632 22
181633 22
181635 22
181634 22
181637 22
181636 22
181638 23
181640 27
181639 24
181644 8
181642 27
181641 27
181643 7
181645 8
181646 8
181648 10
181649 10
181650 10
181651 11
181652 11
181653 11
181655 11
181654 11
181657 12
181656 11
181647 9
181658 12
181659 12
181660 12
181662 13
181661 13
181663 13
181666 14
181664 13
181665 14
181667 14
181668 14
181671 15
181670 15
181669 14
181672 15
181675 16
181673 15
181676 16
181677 16
181674 15
181678 16
181679 16
181680 16
181682 16
181681 16
181683 17
181686 17
181684 17
181687 18
181688 18
181689 18
181690 18
181691 19
181692 20
181693 20
181694 20
181696 22
181697 22
181695 21
181698 24
181699 9
181700 9
181702 10
181685 17
181701 10
181703 11
181704 11
181705 11
181707 12
181708 12
181706 11
181710 12
181709 12
181711 12
181712 12
181713 12
181715 12
181714 12
181716 12
181717 13
181718 13
181720 13
181719 13
181721 13
181722 13
181724 13
181723 13
181725 13
181726 13
181727 14
181728 14
181729 14
181730 14
181731 14
181733 14
181732 14
181734 14
181736 15
181735 14
181738 15
181737 15
181739 15
181743 16
181742 15
181740 15
181741 15
181745 16
181746 16
181744 16
181748 17
181747 17
181750 17
181749 17
181752 17
181755 18
181753 17
181754 17
181757 18
181758 18
181756 18
181759 18
181760 18
181761 18
181762 19
181764 20
181765 20
181763 20
181751 17
181767 20
181769 21
181766 20
181768 20
181771 21
181772 21
181773 22
181775 22
181774 22
181770 21
181776 23
181778 24
181777 23
181779 6
181781 7
181782 7
181780 7
181783 7
181784 7
181785 8
181786 8
181789 8
181788 8
181787 8
181791 9
181790 8
181792 9
181793 9
181795 9
181796 9
181794 9
181797 9
181798 9
181799 9
181801 10
181802 10
181800 10
181804 11
181805 11
181803 10
181806 11
181807 11
181809 12
181808 12
181811 12
181810 12
181814 12
181812 12
181813 12
181816 12
181815 12
181817 13
181819 13
181818 13
181822 14
181820 13
181824 14
181821 13
181823 14
181825 14
181827 15
181828 15
181829 14
181831 15
181830 15
181832 15
181834 18
181833 16
181835 20
181837 10
181836 10
181826 14
181838 11
181839 12
181840 14
181843 16
181841 15
181842 15
181845 7
181844 19
181846 8
181847 7
181850 10
181848 8
181851 10
181849 9
181852 10
181853 11
181855 12
181857 14
181859 13
181860 15
181858 13
181854 12
181861 15
181856 13
181865 18
181863 17
181862 15
181864 17
181867 23
181866 21
181868 9
181869 10
181871 10
181872 11
181870 10
181873 12
181875 12
181874 12
181877 14
181876 13
181878 14
181879 15
181881 16
181882 16
181880 15
181883 16
181885 17
181884 17
181886 18
181888 21
181890 26
181887 19
181889 22
181891 13
181892 14
181893 16
181894 16
181896 17
181895 17
181897 6
181898 8
181901 20
181899 9
181902 21
181903 15
181904 12
181905 18
181907 9
181906 9
181908 11
181909 11
181900 14
181911 12
181910 11
181912 12
181914 13
181913 12
181917 13
181918 14
181915 13
181916 13
181920 14
181922 15
181924 16
181919 14
181921 15
181923 16
181925 16
181926 18
181927 18
181929 53
181928 20
181930 8
181931 13
181932 15
181934 16
181935 7
181933 16
181936 8
181937 10
181938 10
181941 9
181939 8
181942 11
181940 11
181944 12
181943 10
181946 12
181948 11
181945 10
181947 11
181949 11
181951 13
181950 11
181953 11
181952 11
181955 14
181956 12
181954 12
181959 12
181957 12
181958 12
181960 15
181962 13
181963 13
181961 13
181964 16
181965 14
181966 16
181968 15
181969 15
181967 15
181971 15
181970 15
181973 16
181972 16
181977 17
181974 16
181976 16
181975 16
181978 16
181979 17
181981 18
181980 18
181983 21
181982 19
181984 23
181986 10
181985 24
181987 10
181988 11
181989 12
181991 15
181990 13
181992 15
181993 17
181994 21
181996 11
181995 24
181998 17
181997 14
181999 19
182000 20
182001 8
182002 10
182003 12
182005 16
182006 20
182004 16
182007 28
182008 9
182009 9
182010 13
182011 15
182012 16
182014 18
182015 19
182013 17
182016 19
182018 24
182017 23
182020 28
182019 26
182021 11
182024 14
182022 11
182023 13
182025 15
182026 15
182027 15
182029 17
182028 15
182030 18
182032 19
182031 19
182033 8
182034 9
182035 12
182036 13
182037 14
182038 14
182040 16
182039 15
182041 16
182042 16
182043 17
182044 21
182045 12
182046 14
182047 25
182048 5
182049 6
182052 7
182051 7
182050 6
182053 7
182054 8
182055 8
182056 9
182058 9
182057 9
182059 6
182060 9
182063 10
182061 9
182062 9
182064 10
182065 10
182066 10
182068 10
182067 10
182069 10
182070 10
182072 10
182071 10
182073 10
182075 11
182074 10
182077 11
182076 11
182079 11
182078 11
182080 11
182081 11
182083 11
182082 11
182084 11
182085 11
182086 11
182087 11
182088 11
182089 11
182090 11
182091 11
182092 12
182096 12
182093 12
182094 12
182095 12
182097 12
182100 12
182099 12
182098 12
182101 12
182102 12
182105 12
182103 12
182104 12
182106 13
182108 13
182107 13
182109 13
182111 13
182110 13
182113 13
182112 13
182114 13
182115 13
182116 13
182120 13
182117 13
182118 13
182119 13
182121 13
182122 13
182125 13
182123 13
182124 13
182127 13
182126 13
182129 13
182128 13
182131 13
182130 13
182133 14
182134 14
182132 13
182135 14
182136 14
182137 14
182138 14
182139 14
182140 14
182141 14
182143 14
182142 14
182145 14
182144 14
182147 14
182148 14
182146 14
182151 14
182149 14
182150 14
182152 14
182153 14
182154 14
182155 14
182156 14
182157 14
182159 15
182158 15
182160 15
182163 15
182162 15
182161 15
182164 15
182165 15
182166 15
182167 15
182170 16
182168 15
182169 15
182171 16
182173 16
182172 16
182174 16
182175 16
182177 16
182176 16
182178 16
182181 16
182179 16
182180 16
182182 16
182183 16
182184 16
182185 16
182186 16
182187 16
182189 17
182188 16
182191 17
182190 17
182193 17
182192 17
182194 17
182197 17
182195 17
182196 17
182198 17
182200 17
182199 17
182202 17
182201 17
182204 17
182203 17
182205 17
182207 18
182206 17
182208 18
182209 18
182212 18
182210 18
182211 18
182213 18
182214 18
182215 18
182216 18
182217 18
182218 18
182219 18
182221 18
182220 18
182222 19
182223 19
182224 19
182225 19
182226 19
182227 19
182228 19
182229 19
182230 20
182231 20
182232 20
182233 20
182234 20
182235 20
182236 21
182237 21
182239 21
182238 21
182240 22
182241 22
182242 22
182244 22
182245 23
182243 22
182246 24
182247 9
182248 10
182249 10
182250 12
182251 13
182252 14
182253 13
182254 16
182255 16
182256 16
182257 18
182258 19
182260 9
182259 23
182261 9
182262 10
182263 10
182264 10
182265 10
182266 10
182267 10
182268 11
182269 11
182270 11
182271 11
182272 11
182273 11
182274 12
182275 12
182276 12
182277 12
182278 12
182279 12
182280 13
182281 13
182282 13
182283 13
182284 13
182285 13
182286 14
182288 14
182287 14
182289 14
182290 14
182291 14
182292 14
182293 14
182294 14
182295 14
182296 14
182297 14
182298 14
182299 15
182300 15
182302 15
182301 15
182303 15
182305 16
182306 16
182307 16
182304 16
182308 16
182309 17
182311 17
182310 17
182312 17
182313 18
182314 18
182316 17
182315 17
182317 18
182318 18
182319 19
182321 19
182320 19
182322 20
182323 19
182324 20
182325 20
182326 20
182327 20
182328 19
182329 22
182330 23
182331 25
182333 7
182332 12
182334 10
182335 10
182336 15
182337 21
182338 7
182339 8
182340 9
182341 8
182342 8
182344 9
182343 9
182345 9
182346 9
182347 10
182349 10
182350 10
182348 11
182351 11
182352 11
182354 11
182355 12
182353 12
182356 11
182357 11
182358 11
182359 12
182360 11
182363 13
182365 13
182361 12
182364 12
182362 13
182366 12
182368 13
182367 12
182369 14
182370 13
182371 13
182373 14
182372 14
182374 14
182375 15
182376 15
182377 16
182378 16
182379 17
182380 16
182381 17
182383 17
182384 18
182382 17
182385 18
182387 19
182386 20
182388 19
182389 19
182390 20
182391 21
182392 10
182393 13
182395 18
182394 14
182397 12
182396 11
182398 15
182399 15
182400 15
182401 17
182402 18
182403 19
182404 19
182405 21
182408 9
182407 6
182406 23
182409 9
182410 9
182411 10
182412 11
182413 11
182414 12
182415 13
182416 13
182417 12
182418 14
182419 15
182420 16
182422 13
182421 12
182423 14
182424 15
182425 20
182427 9
182426 9
182428 10
182429 10
182431 11
182430 10
182432 11
182433 12
182434 12
182435 13
182436 13
182437 13
182438 13
182439 13
182441 13
182440 13
182443 14
182442 14
182444 14
182446 15
182445 14
182447 15
182448 15
182449 15
182450 15
182451 15
182452 16
182454 16
182453 16
182455 16
182456 16
182458 17
182457 16
182459 17
182461 17
182463 16
182464 17
182465 17
182460 17
182467 17
182468 17
182462 17
182466 17
182470 19
182469 18
182471 18
182472 19
182474 19
182473 19
182475 20
182476 21
182479 21
182478 21
182481 21
182482 22
182477 21
182480 21
182483 22
182486 24
182485 22
182488 30
182490 5
182487 29
182484 22
182489 5
182492 6
182491 6
182496 7
182497 7
182494 6
182493 6
182495 6
182498 7
182500 7
182501 7
182499 7
182502 7
182503 7
182507 8
182509 8
182508 8
182511 8
182510 8
182512 8
182513 8
182506 8
182505 8
182504 8
182514 8
182515 8
182519 9
182520 9
182521 9
182522 8
182523 8
182524 9
182525 9
182526 10
182516 9
182518 9
182527 9
182528 10
182531 10
182532 10
182533 10
182534 10
182536 11
182535 11
182538 11
182537 11
182517 9
182529 10
182539 11
182540 11
182543 11
182544 12
182545 12
182546 12
182548 12
182547 12
182549 12
182550 12
182551 12
182552 13
182553 13
182554 13
182555 13
182556 13
182557 14
182558 14
182559 14
182560 14
182561 14
182562 14
182541 11
182563 14
182564 14
182566 15
182567 15
182568 15
182569 16
182565 14
182570 16
182571 16
182573 17
182574 18
182572 16
182575 19
182576 20
182542 11
182578 12
182579 15
182581 17
182582 11
182577 20
182580 16
182583 13
182584 19
182587 9
182588 11
182589 11
182590 14
182591 14
182592 14
182593 15
182594 15
182595 15
182596 17
182597 17
182598 20
182599 21
182586 23
182600 13
182585 20
182601 15
182602 18
182603 18
182605 22
182606 9
182608 11
182609 11
182607 11
182610 11
182604 19
182612 13
182613 13
182615 14
182616 14
182617 14
182618 14
182620 15
182619 15
182621 15
182622 15
182623 15
182614 14
182611 12
182625 16
182624 16
182530 10
182629 17
182626 16
182627 17
182628 17
182630 18
182631 18
182634 21
182633 20
182632 19
182635 21
182637 21
182638 22
182636 21
182639 22
182640 22
182641 23
182642 29
182643 8
182644 9
182647 10
182645 9
182646 9
182648 11
182649 12
182650 13
182651 13
182655 18
182653 13
182654 14
182656 26
182652 13
182657 11
182659 16
182658 13
182660 22
182663 11
182661 10
182662 11
182664 11
182666 12
182665 12
182667 12
182668 14
182669 13
182670 14
182672 14
182671 14
182673 14
182674 15
182675 15
182677 16
182678 16
182676 16
182679 16
182680 17
182681 17
182682 17
182683 17
182685 18
182684 17
182686 18
182688 9
182691 11
182690 10
182687 19
182689 10
182692 11
182694 11
182693 11
182695 11
182696 12
182697 12
182699 12
182698 12
182700 13
182701 13
182702 13
182703 13
182704 13
182706 14
182705 13
182708 14
182707 14
182709 14
182710 15
182711 14
182712 15
182713 15
182714 15
182715 15
182716 16
182717 16
182718 16
182719 16
182721 16
182720 16
182722 16
182723 16
182724 17
182725 17
182726 17
182727 17
182728 17
182729 17
182730 18
182731 18
182732 18
182733 18
182734 18
182735 18
182740 19
182736 18
182737 19
182738 19
182739 19
182741 20
182742 20
182743 20
182744 21
182745 22
182746 23
182747 23
182748 24
182749 27
182751 29
182750 28
182753 11
182752 8
182756 14
182754 12
182755 13
182757 15
182758 15
182759 14
182760 15
182761 15
182763 16
182762 15
182764 17
182765 17
182766 17
182767 18
182768 18
182769 11
182770 12
182771 12
182772 12
182774 15
182773 13
182775 15
182776 16
182778 17
182777 16
182779 18
182780 18
182781 18
182783 22
182782 20
182784 22
182785 8
182786 8
182787 8
182789 9
182788 9
182790 10
182791 10
182793 11
182792 11
182794 11
182795 11
182797 13
182796 12
182799 13
182798 13
182801 14
182800 14
182802 16
182803 15
182805 19
182804 17
182806 8
182808 12
182810 14
182807 12
182811 23
182812 5
182813 7
182814 7
182815 7
182816 7
182817 8
182819 8
182818 8
182820 9
182809 12
182822 10
182821 9
182823 10
182824 10
182828 10
182827 10
182825 10
182826 10
182829 11
182830 11
182831 11
182833 11
182834 11
182835 12
182832 11
182836 11
182838 12
182837 12
182840 12
182841 12
182839 12
182843 13
182842 13
182844 13
182845 13
182848 14
182846 13
182847 13
182849 14
182850 14
182852 14
182853 14
182854 14
182851 14
182855 14
182857 15
182856 14
182859 15
182858 15
182860 15
182861 15
182862 15
182863 15
182864 15
182865 16
182866 16
182867 16
182868 16
182870 16
182869 16
182871 16
182872 16
182873 16
182874 16
182876 17
182875 16
182877 16
182878 16
182879 17
182880 17
182881 17
182883 17
182882 17
182884 18
182885 18
182886 18
182887 18
182888 18
182889 18
182890 18
182891 19
182892 19
182893 19
182894 19
182895 21
182897 21
182896 21
182898 21
182899 4
182900 9
182901 6
182902 6
182903 7
182904 7
182905 7
182906 13
182908 8
182907 8
182909 8
182910 9
182911 9
182912 9
182914 9
182913 14
182915 9
182916 9
182917 10
182919 10
182918 10
182921 10
182920 10
182922 10
182923 10
182924 11
182925 11
182926 11
182927 11
182928 11
182930 13
182929 12
182931 13
182932 13
182933 13
182934 13
182935 15
182936 15
182937 15
182938 15
182939 15
182940 16
182942 17
182941 16
182943 17
182944 18
182946 18
182945 18
182947 19
182948 19
182949 23
182950 11
182951 11
182952 12
182953 13
182954 14
182955 14
182957 16
182956 14
182958 16
182959 16
182960 16
182962 17
182963 17
182964 17
182961 16
182966 18
182965 17
182968 20
182967 20
182969 20
182970 10
182971 12
182972 12
182973 12
182974 13
182975 17
182976 17
182977 20
182980 12
182978 12
182979 12
182983 13
182981 12
182982 13
182984 13
182985 13
182987 13
182986 13
182988 13
182989 14
182990 14
182991 14
182992 14
182993 14
182994 14
182996 15
182995 14
182997 15
183000 15
182999 17
182998 15
183001 15
183002 15
183003 15
183004 15
183005 15
183006 15
183007 15
183008 15
183009 16
183010 16
183013 16
183011 16
183012 16
183014 16
183018 16
183015 16
183016 16
183017 16
183019 16
183020 16
183023 16
183021 17
183022 17
183025 17
183024 16
183027 18
183028 18
183026 17
183029 18
183030 18
183031 18
183033 18
183032 18
183034 18
183035 18
183036 18
183037 18
183038 18
183039 19
183040 19
183041 19
183042 19
183044 19
183043 19
183045 20
183046 20
183047 20
183048 20
183050 20
183049 20
183051 21
183052 21
183053 21
183054 21
183055 21
183056 21
183057 21
183058 22
183059 22
183060 22
183062 22
183061 22
183063 22
183064 23
183065 22
183068 24
183067 23
183066 23
183069 24
183070 24
183071 25
183073 25
183072 25
183074 26
183075 28
183076 29
183079 8
183078 31
183077 30
183081 8
183082 8
183084 9
183080 8
183083 9
183085 9
183086 9
183087 9
183089 9
183088 9
183090 9
183091 9
183092 9
183093 9
183094 9
183095 10
183096 10
183097 10
183098 10
183100 10
183099 10
183101 10
183102 10
183103 10
183104 10
183105 10
183106 10
183107 11
183108 11
183110 11
183109 11
183111 11
183112 11
183113 11
183114 12
183116 12
183115 12
183117 12
183118 12
183119 12
183120 12
183121 13
183122 12
183123 13
183124 13
183125 13
183128 13
183126 13
183127 13
183129 13
183130 13
183131 13
183133 13
183132 13
183134 14
183135 14
183136 14
183137 13
183138 14
183139 14
183140 14
183141 14
183142 15
183144 15
183146 15
183145 15
183143 15
183147 15
183151 16
183149 16
183148 16
183150 16
183152 16
183153 16
183154 16
183155 17
183156 17
183157 17
183159 17
183160 17
183158 17
183162 18
183161 17
183164 18
183163 18
183165 18
183166 19
183167 20
183168 21
183169 21
183173 10
183171 25
183174 11
183170 24
183172 13
183175 12
183176 12
183178 15
183179 15
183177 13
183182 17
183180 15
183183 18
183181 17
183184 18
183185 18
183186 19
183187 20
183188 21
183190 22
183189 21
183192 5
183191 23
183194 6
183193 6
183195 6
183196 7
183198 7
183197 7
183199 7
183200 8
183202 9
183201 8
183203 9
183204 9
183205 9
183207 9
183206 9
183208 10
183209 10
183210 10
183212 11
183213 11
183211 11
183214 11
183215 11
183216 11
183217 12
183219 12
183218 12
183220 12
183221 12
183222 14
183223 14
183224 15
183225 15
183227 6
183226 5
183228 6
183229 6
183230 7
183232 8
183233 9
183234 9
183231 8
183235 9
183236 10
183237 10
183239 10
183238 10
183240 16
183243 11
183242 10
183241 10
183244 11
183246 11
183245 11
183247 11
183248 11
183249 12
183250 12
183251 12
183252 13
183253 13
183255 13
183254 13
183256 13
183257 14
183260 15
183258 14
183259 14
183261 15
183263 15
183262 15
183264 16
183265 17
183266 19
183267 19
183268 19
183269 19
183270 20
183271 20
183272 21
183273 23
183274 12
183275 13
183276 14
183277 14
183278 15
183279 16
183281 17
183280 16
183282 20
183284 20
183283 20
183285 22
183286 22
183287 23
183289 12
183288 11
183290 12
183291 13
183293 15
183292 15
183294 16
183295 16
183296 16
183297 16
183298 16
183299 16
183300 17
183302 17
183301 17
183303 17
183304 18
183307 20
183305 19
183306 19
183308 20
183309 20
183310 21
183311 21
183312 21
183313 22
183314 22
183315 22
183316 22
183317 27
183318 30
183319 13
183322 13
183320 13
183321 11
183323 13
183325 18
183324 15
183327 22
183326 19
183328 14
183330 20
183329 17
183332 15
183331 20
183335 18
183334 17
183336 21
183337 20
183333 16
183338 13
183339 15
183341 15
183340 15
183342 18
183344 26
183343 23
183347 9
183346 8
183345 7
183349 13
183348 9
183350 16
183353 14
183351 17
183355 14
183352 20
183354 14
183357 16
183356 15
183359 11
183358 26
183360 12
183361 14
183362 14
183363 15
183364 16
183365 16
183366 16
183367 16
183368 17
183370 18
183369 17
183371 18
183372 20
183373 20
183375 22
183376 24
183374 21
183377 26
183379 8
183378 33
183380 10
183381 10
183382 11
183383 11
183384 11
183387 12
183385 11
183386 11
183388 12
183389 12
183390 12
183391 12
183392 12
183393 12
183394 12
183395 13
183400 14
183396 13
183398 14
183399 14
183397 13
183401 14
183404 14
183402 14
183403 14
183405 15
183406 15
183409 18
183408 16
183407 15
183411 23
183410 20
183413 8
183412 18
183415 8
183414 8
183416 9
183418 9
183417 9
183421 11
183419 9
183420 10
183422 12
183423 12
183424 12
183427 14
183428 14
183426 13
183429 16
183425 13
183430 16
183433 8
183432 17
183435 13
183434 18
183436 13
183437 13
183439 15
183438 13
183440 16
183442 16
183441 15
183443 16
183444 16
183431 17
183446 17
183445 17
183449 18
183447 18
183448 18
183451 21
183452 21
183450 20
183454 21
183453 21
183455 22
183456 22
183459 27
183458 27
183460 28
183461 5
183457 24
183462 5
183463 6
183464 6
183465 7
183466 7
183467 8
183469 8
183468 8
183470 8
183473 8
183472 8
183474 8
183471 8
183475 8
183476 9
183479 9
183478 9
183480 10
183481 9
183482 10
183485 11
183484 11
183483 10
183487 11
183486 11
183488 11
183489 11
183491 12
183477 9
183492 12
183490 11
183495 12
183493 12
183494 12
183497 13
183496 13
183498 13
183499 13
183500 13
183504 14
183502 14
183501 13
183505 15
183506 15
183503 14
183507 16
183508 17
183509 15
183510 15
183511 16
183512 16
183513 17
183514 19
183517 17
183516 13
183515 22
183518 17
183520 18
183522 19
183523 19
183524 20
183525 20
183526 20
183528 13
183527 21
183529 14
183519 18
183530 14
183531 16
183521 19
183532 17
183534 18
183535 18
183537 22
183538 31
183536 21
183533 18
183539 7
183540 8
183542 8
183541 8
183543 8
183544 8
183545 9
183548 9
183547 9
183549 9
183546 9
183550 9
183551 10
183552 10
183553 11
183555 12
183556 12
183554 11
183557 13
183558 14
183559 14
183560 14
183562 15
183561 15
183564 16
183563 16
183565 18
183566 19
183568 21
183569 16
183567 20
183570 16
183571 25
183572 12
183574 16
183575 16
183576 17
183573 14
183577 18
183578 18
183579 20
183580 21
183581 22
183582 22
183583 22
183584 23
183585 24
183586 25
183588 29
183587 26
183589 29
183590 30
183591 14
183592 16
183593 16
183596 18
183594 17
183595 18
183597 19
183598 19
183601 24
183600 18
183599 23
183602 12
183603 13
183604 15
183605 16
183606 17
183607 19
183608 22
183609 24
183611 30
183610 25
183612 30
183614 12
183615 15
183613 11
183617 13
183616 16
183618 13
183619 14
183620 14
183622 15
183621 15
183623 16
183624 16
183626 16
183627 16
183625 16
183628 16
183629 17
183630 17
183632 17
183633 17
183631 17
183634 18
183635 18
183637 18
183639 19
183638 18
183641 19
183640 19
183642 19
183643 19
183644 20
183645 20
183646 20
183647 20
183636 18
183649 21
183648 21
183650 21
183652 22
183654 21
183651 20
183653 22
183655 22
183658 23
183656 22
183657 22
183660 23
183659 23
183661 23
183662 24
183663 24
183664 24
183665 24
183668 24
183666 25
183669 25
183667 24
183670 26
183671 27
183672 26
183674 28
183673 27
183675 29
183676 29
183678 30
183679 31
183680 10
183681 10
183685 12
183683 11
183682 11
183684 11
183686 12
183689 12
183688 12
183687 12
183690 13
183677 30
183692 13
183691 13
183693 13
183694 13
183696 14
183697 15
183698 15
183695 14
183699 15
183700 15
183701 15
183703 15
183702 16
183704 16
183705 16
183706 16
183707 16
183708 16
183709 16
183710 17
183711 17
183712 17
183713 17
183714 17
183715 18
183716 17
183717 17
183718 17
183720 17
183719 17
183721 18
183723 19
183722 18
183724 19
183725 19
183726 20
183727 19
183728 20
183729 20
183730 20
183731 20
183732 20
183733 21
183734 21
183735 22
183736 23
183737 24
183738 25
183739 29
183740 13
183741 14
183742 14
183743 14
183744 15
183745 15
183746 15
183747 15
183748 15
183749 16
183750 16
183751 16
183752 16
183754 16
183753 16
183755 16
183756 16
183757 17
183758 17
183759 17
183760 17
183761 17
183762 17
183763 18
183764 18
183765 12
183766 18
183768 18
183767 18
183769 18
183770 18
183772 19
183771 18
183773 19
183775 19
183776 19
183774 19
183777 19
183778 20
183782 20
183779 20
183780 20
183781 20
183783 20
183784 21
183785 21
183786 21
183787 21
183788 21
183789 21
183790 22
183792 22
183791 22
183793 23
183794 23
183795 23
183796 24
183797 24
183798 24
183801 26
183799 25
183800 26
183802 31
183803 6
183805 7
183804 7
183806 8
183807 9
183808 9
183809 10
183811 10
183810 10
183812 10
183813 10
183814 10
183815 10
183816 11
183818 11
183817 11
183819 11
183820 11
183821 12
183822 12
183824 12
183823 12
183825 12
183827 13
183826 13
183828 13
183829 13
183830 13
183831 13
183832 14
183833 14
183836 14
183834 14
183835 14
183837 14
183838 14
183840 15
183841 15
183842 15
183843 15
183844 16
183845 16
183846 16
183847 17
183848 17
183849 17
183850 17
183851 17
183839 14
183852 18
183853 17
183854 17
183855 18
183857 23
183856 21
183858 15
183859 18
183860 24
183862 15
183861 12
183863 16
183864 16
183865 19
183867 15
183868 16
183866 12
183869 17
183870 17
183872 20
183871 19
183874 17
183873 22
183875 19
183876 23
183879 14
183878 13
183880 14
183877 10
183881 14
183882 15
183883 15
183884 15
183885 20
183886 19
183887 18
183888 15
183889 19
183890 22
183891 23
183892 16
183893 18
183894 18
183895 19
183896 21
183899 27
183897 22
183898 22
183900 23
183902 16
183901 15
183903 18
183904 20
183905 20
183906 21
183907 14
183908 16
183910 17
183909 16
183912 18
183911 17
183913 22
183914 25
183915 24
183916 30
183917 18
183918 21
183919 19
183921 14
183920 22
183922 19
183924 17
183923 10
183927 21
183925 21
183926 21
183928 27
183930 12
183929 31
183933 12
183935 13
183936 13
183937 14
183931 12
183932 12
183938 14
183939 14
183942 15
183940 14
183943 15
183941 14
183945 16
183947 16
183944 16
183946 16
183934 13
183948 16
183949 17
183950 18
183951 18
183953 18
183954 18
183955 21
183956 21
183958 25
183952 18
183957 22
183960 13
183959 13
183961 17
183962 18
183963 8
183964 9
183965 16
183967 21
183966 10
183968 25
183970 
183971 
183969 29
183972 
183973 
183974 
183975 
183976 
183978 
183979 
183977 
183981 
183982 
183980 
183983 
