183987 
183985 
183988 
183986 
183984 
183989 
183991 
183992 
183990 
183993 
183994 
183996 
183995 
183997 
183998 
183999 
184000 
184001 
184003 
184002 
184004 
184005 
184006 
184007 
184008 
184009 
184010 
184012 
184011 
184013 
184014 
184015 
184017 
184016 
184018 
184019 
184020 
184021 
184024 
184023 
184022 
184025 
184027 
184026 
184029 
184028 
184030 
184031 
184032 
184033 
184034 
184035 
184036 
184037 
184038 
184039 
184040 
184041 
184042 
184043 
184044 
184045 
184046 
184047 
184048 
184049 
184050 
184051 
184053 
184052 
184055 
184054 
184056 
184058 
184057 
184059 
184060 
184061 
184062 
184063 
184064 
184065 
184066 
184067 
184068 
184069 
184071 
184070 
184072 
184073 
184074 
184075 
184076 
184077 
184078 
184079 
184080 
184081 
184082 
184083 
184084 
184085 
184086 
184087 
184088 
184089 
184090 
184091 
184092 
184093 
184094 
184095 
184096 
184097 
184098 
184099 
184100 
184101 
184102 
184103 
184104 
184105 
184106 
184107 
184109 
184108 
184110 
184111 
184112 
184113 
184115 
184114 
184116 
184117 
184118 
184119 
184120 
184121 
184122 
184123 
184124 
184125 
184126 
184127 
184129 
184128 
184130 
184131 
184132 
184134 
184133 
184135 
184136 
184138 
184139 
184137 
184140 
184141 
184142 
184143 
184144 
184145 
184146 
184147 
184148 
184149 
184150 
184151 
184152 
184153 
184154 
184155 
184156 
184157 
184158 
184159 
184160 
184161 
184162 
184163 
184164 
184165 
184167 
184168 
184169 
184170 
184166 
184171 
184172 
184174 
184173 
184175 
184176 
184177 
184178 
184179 
184180 
184181 
184182 
184183 
184184 
184185 
184186 
184187 
184188 
184189 
184190 
184191 
184192 
184193 
184194 
184196 
184195 
184197 
184198 
184199 
184200 
184202 
184201 
184203 
184205 
184204 
184208 
184209 
184210 
184211 
184212 
184213 
184214 
184215 
184216 
184217 
184218 
184219 
184220 
184221 
184222 
184206 
184207 
184223 
184224 
184226 
184225 
184227 
184228 
184229 
184230 
184231 
184232 
184233 
184234 
184235 
184236 
184237 
184238 
184239 
184240 
184241 
184242 
184243 
184244 
184245 
184246 
184248 
184247 
184249 
184250 
184251 
184252 
184253 
184254 
184255 
184256 
184257 
184258 
184259 
184260 
184261 
184262 
184263 
184265 
184264 
184266 
184267 
184268 
184269 
184271 
184272 
184274 
184273 
184275 
184276 
184277 
184278 
184279 
184280 
184281 
184282 
184283 
184284 
184285 
184286 
184287 
184288 
184289 
184270 
184290 
184291 
184292 
184293 
184294 
184295 
184296 
184297 
184298 
184299 
184301 
184300 
184302 
184304 
184305 
184306 
184307 
184308 
184309 
184310 
184311 
184312 
184313 
184314 
184315 
184316 
184317 
184318 
184319 
184320 
184321 
184322 
184324 
184323 
184303 
184325 
184326 
184327 
184328 
184329 
184330 
184331 
184332 
184334 
184333 
184335 
184336 
184337 
184338 
184339 
184340 
184341 
184342 
184343 
184344 
184345 
184346 
184347 
184348 
184349 
184350 
184351 
184352 
184353 
184354 
184355 
184356 
184358 
184357 
184359 
184360 
184362 
184363 
184361 
184364 
184365 
184366 
184368 
184367 
184369 
184370 
184371 
184373 
184372 
184375 
184374 
184376 
184377 
184378 
184380 
184379 
184381 
184382 
184383 
184384 
184385 
184386 
184387 
184389 
184390 
184388 
184391 
184392 
184394 
184395 
184393 
184396 
184397 
184400 
184399 
184398 
184401 
184402 
184403 
184404 
184405 
184406 
184407 
184408 
184410 
184409 
184411 
184412 
184413 
184415 
184414 
184416 
184417 
184418 
184420 
184421 
184419 
184422 
184423 
184425 
184424 
184426 
184427 
184428 
184429 
184430 
184431 
184432 
184433 
184434 
184435 
184437 
184436 
184438 
184439 
184440 
184441 
184442 
184443 
184444 
184445 
184446 
184447 
184448 
184450 
184451 
184452 
184453 
184454 
184455 
184456 
184457 
184459 
184458 
184460 
184461 
184462 
184463 
184464 
184465 
184466 
184449 
184467 
184468 
184469 
184470 
184471 
184472 
184473 
184474 
184475 
184476 
184477 
184479 
184478 
184480 
184482 
184483 
184481 
184484 
184485 
184486 
184487 
184488 
184489 
184490 
184491 
184492 
184494 
184493 
184495 
184496 
184497 
184498 
184499 
184500 
184501 
184503 
184502 
184506 
184504 
184505 
184508 
184507 
184509 
184510 
184511 
184512 
184513 
184514 
184515 
184516 
184517 
184519 
184518 
184520 
184521 
184522 
184524 
184523 
184525 
184526 
184527 
184528 
184530 
184529 
184531 
184532 
184533 
184534 
184536 
184535 
184537 
184538 
184539 
184540 
184541 
184543 
184542 
184544 
184545 
184546 
184547 
184549 
184548 
184551 
184552 
184553 
184554 
184555 
184556 
184557 
184558 
184559 
184560 
184561 
184564 
184562 
184563 
184565 
184566 
184568 
184567 
184569 
184570 
184550 
184571 
184572 
184574 
184573 
184575 
184576 
184577 
184578 
184579 
184580 
184581 
184582 
184583 
184584 
184585 
184586 
184588 
184587 
184589 
184590 
184591 
184592 
184593 
184594 
184597 
184596 
184595 
184598 
184599 
184600 
184601 
184602 
184603 
184604 
184605 
184607 
184606 
184608 
184609 
184610 
184611 
184612 
184613 
184615 
184614 
184616 
184617 
184619 
184618 
184620 
184621 
184623 
184622 
184625 
184624 
184626 
184627 
184629 
184630 
184631 
184632 
184633 
184635 
184634 
184636 
184637 
184638 
184640 
184639 
184641 
184643 
184642 
184644 
184645 
184646 
184647 
184648 
184649 
184650 
184651 
184628 
184652 
184653 
184654 
184655 
184656 
184659 
184658 
184657 
184660 
184661 
184662 
184663 
184664 
184665 
184666 
184667 
184668 
184669 
184670 
184671 
184672 
184673 
184675 
184674 
184677 
184676 
184678 
184679 
184681 
184680 
184682 
184683 
184685 
184684 
184686 
184687 
184688 
184689 
184690 
184691 
184692 
184693 
184694 
184695 
184696 
184697 
184698 
184699 
184700 
184701 
184702 
184703 
184704 
184705 
184709 
184708 
184706 
184707 
184710 
184711 
184712 
184714 
184713 
184715 
184716 
184717 
184718 
184720 
184719 
184721 
184722 
184723 
184724 
184725 
184726 
184727 
184729 
184728 
184731 
184730 
184732 
184733 
184735 
184734 
184736 
184739 
184738 
184737 
184740 
184741 
184742 
184743 
184745 
184744 
184746 
184747 
184748 
184749 
184750 
184751 
184752 
184753 
184754 
184755 
184757 
184756 
184758 
184759 
184760 
184761 
184762 
184763 
184764 
184765 
184766 
184768 
184767 
184771 
184770 
184769 
184772 
184773 
184774 
184775 
184776 
184777 
184778 
184779 
184780 
184781 
184782 
184784 
184783 
184786 
184785 
184787 
184788 
184789 
184790 
184792 
184791 
184793 
184794 
184796 
184795 
184797 
184798 
184799 
184800 
184801 
184802 
184803 
184804 
184805 
184806 
184807 
184808 
184810 
184809 
184811 
184813 
184812 
184814 
184815 
184816 
184817 
184818 
184819 
184821 
184820 
184822 
184824 
184823 
184825 
184826 
184827 
184828 
184829 
184830 
184832 
184831 
184833 
184834 
184835 
184836 
184837 
184838 
184839 
184840 
184841 
184842 
184843 
184844 
184845 
184846 
184848 
184847 
184849 
184851 
184850 
184852 
184853 
184854 
184855 
184857 
184856 
184858 
184860 
184859 
184861 
184862 
184863 
184864 
184865 
184866 
184867 
184868 
184869 
184871 
184870 
184872 
184873 
184874 
184875 
184876 
184877 
184878 
184879 
184880 
184882 
184884 
184883 
184886 
184885 
184887 
184888 
184890 
184889 
184891 
184892 
184893 
184894 
184895 
184896 
184897 
184898 
184899 
184881 
184900 
184901 
184902 
184903 
184904 
184906 
184905 
184907 
184908 
184910 
184909 
184911 
184912 
184913 
184914 
184915 
184916 
184917 
184918 
184919 
184920 
184922 
184923 
184921 
184924 
184925 
184927 
184926 
184928 
184929 
184930 
184931 
184932 
184933 
184934 
184935 
184936 
184937 
184938 
184939 
184940 
184941 
184942 
184943 
184944 
184945 
184946 
184949 
184948 
184950 
184951 
184952 
184953 
184955 
184954 
184956 
184957 
184958 
184960 
184959 
184961 
184962 
184964 
184963 
184965 
184966 
184967 
184968 
184947 
184969 
184970 
184972 
184971 
184974 
184973 
184977 
184976 
184975 
184978 
184979 
184980 
184981 
184983 
184984 
184986 
184985 
184987 
184988 
184990 
184989 
184992 
184991 
184994 
184993 
184995 
184996 
184997 
184998 
184999 
185000 
185001 
184982 
185002 
185003 
185004 
185005 
185006 
185007 
185008 
185009 
185010 
185011 
185012 
185013 
185014 
185015 
185016 
185018 
185017 
185019 
185020 
185021 
185023 
185024 
185025 
185022 
185027 
185030 
185028 
185029 
185031 
185032 
185033 
185034 
185035 
185037 
185036 
185038 
185040 
185039 
185041 
185042 
185043 
185045 
185044 
185046 
185026 
185048 
185047 
185049 
185050 
185051 
185052 
185053 
185054 
185057 
185058 
185056 
185059 
185060 
185061 
185062 
185063 
185064 
185065 
185066 
185067 
185068 
185069 
185070 
185072 
185071 
185073 
185075 
185076 
185074 
185077 
185055 
185078 
185079 
185080 
185081 
185082 
185083 
185084 
185085 
185086 
185088 
185087 
185089 
185092 
185091 
185090 
185093 
185095 
185094 
185096 
185097 
185098 
185099 
185100 
185101 
185102 
185103 
185104 
185106 
185105 
185108 
185107 
185109 
185110 
185111 
185114 
185112 
185113 
185115 
185116 
185117 
185118 
185119 
185120 
185121 
185122 
185123 
185124 
185125 
185127 
185126 
185128 
185130 
185129 
185131 
185132 
185133 
185134 
185136 
185135 
185137 
185138 
185139 
185140 
185141 
185142 
185144 
185143 
185145 
185147 
185146 
185148 
185150 
185149 
185151 
185152 
185154 
185153 
185155 
185156 
185158 
185159 
185160 
185161 
185164 
185162 
185163 
185165 
185167 
185166 
185168 
185169 
185170 
185171 
185172 
185173 
185174 
185175 
185176 
185177 
185178 
185157 
185180 
185179 
185181 
185182 
185183 
185185 
185187 
185186 
185188 
185189 
185190 
185191 
185194 
185193 
185192 
185195 
185196 
185197 
185198 
185199 
185200 
185201 
185203 
185202 
185204 
185205 
185184 
185206 
185207 
185208 
185209 
185210 
185211 
185213 
185212 
185214 
185215 
185217 
185216 
185218 
185221 
185219 
185220 
185222 
185223 
185224 
185226 
185225 
185227 
185229 
185228 
185230 
185231 
185232 
185233 
185234 
185235 
185236 
185237 
185238 
185240 
185239 
185241 
185243 
185242 
185244 
185245 
185247 
185246 
185248 
185249 
185251 
185250 
185252 
185253 
185254 
185255 
185256 
185257 
185258 
185260 
185259 
185261 
185262 
185264 
185263 
185265 
185267 
185266 
185268 
185270 
185269 
185271 
185273 
185272 
185274 
185275 
185276 
185278 
185277 
185279 
185280 
185281 
185283 
185284 
185282 
185285 
185287 
185286 
185290 
185288 
185289 
185291 
185292 
185294 
185293 
185295 
185296 
185297 
185299 
185298 
185301 
185300 
185302 
185303 
185304 
185305 
185306 
185307 
185310 
185309 
185308 
185311 
185312 
185313 
185314 
185315 
185316 
185318 
185317 
185319 
185320 
185322 
185321 
185323 
185324 
185325 
185327 
185330 
185329 
185328 
185331 
185334 
185333 
185332 
185335 
185338 
185337 
185339 
185336 
185340 
185341 
185343 
185345 
185344 
185342 
185326 
185346 
185348 
185347 
185349 
185350 
185351 
185352 
185353 
185354 
185355 
185357 
185358 
185359 
185360 
185356 
185362 
185361 
185363 
185364 
185365 
185366 
185367 
185368 
185369 
185370 
185371 
185372 
185373 
185374 
185375 
185376 
185377 
185378 
185380 
185381 
185382 
185379 
185383 
185385 
185387 
185386 
185384 
185388 
185390 
185389 
185391 
185392 
185393 
185394 
185395 
185396 
185397 
185399 
185398 
185400 
185401 
185402 
185403 
185404 
185405 
185406 
185408 
185407 
185409 
185410 
185411 
185412 
185413 
185414 
185415 
185416 
185417 
185418 
185419 
185422 
185420 
185421 
185423 
185424 
185427 
185428 
185429 
185430 
185431 
185432 
185433 
185434 
185436 
185435 
185437 
185438 
185439 
185440 
185425 
185441 
185426 
185442 
185443 
185444 
185445 
185446 
185448 
185447 
185449 
185450 
185451 
185452 
185454 
185453 
185455 
185456 
185457 
185458 
185459 
185460 
185461 
185463 
185462 
185464 
185467 
185465 
185466 
185468 
185469 
185470 
185471 
185472 
185473 
185475 
185476 
185474 
185477 
185478 
185479 
185480 
185482 
185481 
185483 
185484 
185485 
185486 
185487 
185488 
185489 
185490 
185492 
185491 
185493 
185494 
185498 
185496 
185497 
185495 
185500 
185499 
185502 
185503 
185504 
185505 
185507 
185506 
185508 
185509 
185510 
185511 
185512 
185513 
185514 
185515 
185516 
185517 
185518 
185520 
185519 
185501 
185521 
185522 
185523 
185524 
185526 
185525 
185527 
185528 
185529 
185530 
185531 
185533 
185532 
185534 
185535 
185536 
185537 
185538 
185539 
185540 
185541 
185542 
185543 
185544 
185545 
185547 
185548 
185546 
185549 
185550 
185551 
185552 
185553 
185554 
185555 
185556 
185557 
185558 
185559 
185560 
185561 
185562 
185563 
185564 
185565 
185566 
185567 
185568 
185570 
185569 
185571 
185572 
185573 
185574 
185575 
185576 
185577 
185578 
185581 
185579 
185580 
185582 
185583 
185584 
185585 
185586 
185587 
185589 
185588 
185590 
185591 
185592 
185594 
185595 
185593 
185596 
185597 
185601 
185602 
185603 
185604 
185605 
185606 
185607 
185608 
185610 
185609 
185598 
185599 
185600 
185611 
185612 
185613 
185614 
185615 
185616 
185617 
185618 
185620 
185619 
185621 
185623 
185622 
185625 
185624 
185627 
185626 
185628 
185631 
185629 
185632 
185630 
185633 
185634 
185635 
185636 
185637 
185638 
185639 
185640 
185641 
185642 
185643 
185644 
185645 
185647 
185646 
185649 
185648 
185650 
185651 
185653 
185652 
185654 
185655 
185656 
185657 
185658 
185659 
185660 
185661 
185662 
185663 
185664 
185667 
185665 
185666 
185668 
185669 
185670 
185672 
185671 
185673 
185674 
185676 
185675 
185677 
185678 
185681 
185679 
185680 
185682 
185683 
185686 
185685 
185684 
185687 
185688 
185689 
185691 
185692 
185690 
185693 
185694 
185695 
185696 
185697 
185698 
185700 
185699 
185701 
185702 
185703 
185704 
185705 
185706 
185707 
185708 
185709 
185710 
185711 
185712 
185713 
185714 
185715 
185716 
185717 
185719 
185720 
185718 
185721 
185722 
185723 
185724 
185725 
185726 
185728 
185727 
185729 
185730 
185731 
185732 
185733 
185734 
185735 
185736 
185737 
185738 
185739 
185742 
185740 
185741 
185744 
185743 
185745 
185747 
185746 
185748 
185749 
185750 
185751 
185752 
185753 
185755 
185754 
185757 
185756 
185758 
185759 
185760 
185761 
185762 
185763 
185764 
185765 
185766 
185767 
185768 
185769 
185770 
185771 
185772 
185773 
185774 
185775 
185776 
185777 
185779 
185778 
185780 
185781 
185782 
185784 
185788 
185785 
185787 
185786 
185789 
185790 
185791 
185792 
185793 
185795 
185794 
185796 
185797 
185798 
185799 
185800 
185801 
185802 
185783 
185804 
185803 
185805 
185806 
185807 
185808 
185809 
185810 
185812 
185811 
185813 
185814 
185815 
185817 
185816 
185818 
185819 
185820 
185821 
185822 
185823 
185825 
185824 
185826 
185827 
185828 
185829 
185830 
185832 
185831 
185833 
185834 
185835 
185836 
185837 
185838 
185839 
185841 
185840 
185842 
185843 
185844 
185845 
185846 
185847 
185849 
185848 
185850 
185851 
185852 
185853 
185854 
185855 
185856 
185857 
185858 
185859 
185860 
185861 
185863 
185862 
185865 
185864 
185867 
185868 
185869 
185866 
185870 
185871 
185872 
185874 
185875 
185876 
185877 
185878 
185879 
185880 
185881 
185882 
185883 
185884 
185885 
185886 
185887 
185888 
185889 
185890 
185891 
185892 
185873 
185893 
185894 
185895 
185896 
185897 
185898 
185899 
185900 
185901 
185902 
185903 
185904 
185905 
185906 
185907 
185908 
185909 
185910 
185911 
185912 
185913 
185916 
185914 
185915 
185917 
185918 
185922 
185919 
185921 
185920 
185924 
185923 
185925 
185926 
185927 
185928 
185929 
185930 
185931 
185932 
185933 
185934 
185935 
185936 
185937 
185938 
185939 
185940 
185941 
185942 
185943 
185944 
185945 
185946 
185948 
185947 
185950 
185949 
185951 
185952 
185953 
185954 
185955 
185957 
185956 
185958 
185959 
185960 
185961 
185962 
185963 
185964 
185965 
185966 
185967 
185969 
185968 
185971 
185970 
185972 
185973 
185974 
185976 
185975 
185978 
185977 
185979 
185980 
185981 
185982 
185983 
185985 
185984 
185986 
185988 
185989 
185987 
185990 
185991 
185992 
185993 
185994 
185995 
185997 
185996 
185998 
185999 
186000 
186001 
186002 
186004 
186003 
186005 
186006 
186008 
186007 
186009 
186010 
186011 
186012 
186014 
186013 
186015 
186016 
186017 
186018 
186019 
186020 
186021 
186022 
186023 
186024 
186025 
186026 
186027 
186030 
186029 
186031 
186032 
186033 
186034 
186035 
186036 
186037 
186039 
186038 
186040 
186041 
186044 
186043 
186042 
186045 
186046 
186047 
186048 
186049 
186028 
186050 
186051 
186053 
186054 
186052 
186055 
186056 
186057 
186058 
186059 
186060 
186061 
186062 
186063 
186064 
186065 
186066 
186067 
186068 
186070 
186069 
186071 
186072 
186073 
186074 
186075 
186076 
186077 
186078 
186079 
186081 
186080 
186082 
186083 
186084 
186085 
186086 
186087 
186088 
186089 
186090 
186092 
186091 
186093 
186094 
186095 
186096 
186097 
186098 
186099 
186100 
186101 
186102 
186103 
186104 
186105 
186106 
186107 
186108 
186109 
186110 
186111 
186113 
186112 
186114 
186115 
186116 
186117 
186118 
186119 
186120 
186121 
186122 
186123 
186125 
186124 
186126 
186127 
186128 
186129 
186130 
186131 
186132 
186133 
186136 
186135 
186134 
186137 
186140 
186139 
186138 
186141 
186142 
186144 
186143 
186145 
186146 
186147 
186149 
186148 
186151 
186150 
186152 
186153 
186154 
186155 
186157 
186158 
186160 
186159 
186161 
186163 
186164 
186165 
186166 
186167 
186168 
186169 
186170 
186171 
186173 
186172 
186174 
186156 
186175 
186176 
186177 
186178 
186179 
186180 
186162 
186181 
186182 
186183 
186184 
186185 
186186 
186187 
186188 
186189 
186190 
186191 
186192 
186193 
186195 
186194 
186196 
186198 
186197 
186199 
186200 
186201 
186202 
186204 
186203 
186205 
186206 
186207 
186208 
186210 
186209 
186211 
186212 
186213 
186214 
186215 
186216 
186217 
186218 
186219 
186220 
186221 
186222 
186223 
186224 
186225 
186226 
186227 
186228 
186229 
186231 
186230 
186232 
186234 
186233 
186235 
186236 
186237 
186238 
186239 
186241 
186242 
186243 
186244 
186246 
186245 
186247 
186248 
186249 
186251 
186250 
186252 
186253 
186254 
186256 
186255 
186257 
186258 
186259 
186260 
186240 
186261 
186262 
186263 
186264 
186265 
186266 
186267 
186268 
186269 
186270 
186271 
186272 
186273 
186274 
186275 
186276 
186277 
186278 
186280 
186279 
186281 
186282 
186283 
186285 
186286 
186284 
186287 
186288 
186290 
186289 
186291 
186292 
186293 
186294 
186295 
186296 
186297 
186298 
186300 
186299 
186301 
186302 
186303 
186305 
186304 
186307 
186306 
186308 
186309 
186310 
186311 
186313 
186312 
186314 
186315 
186316 
186317 
186318 
186319 
186320 
186321 
186322 
186323 
186324 
186325 
186326 
186327 
186328 
186330 
186329 
186331 
186332 
186334 
186335 
186333 
186336 
186337 
186339 
186338 
186340 
186341 
186342 
186343 
186344 
186345 
186346 
186347 
186348 
186349 
186350 
186351 
186352 
186353 
186354 
186356 
186355 
186357 
186358 
186359 
186360 
186362 
186361 
186363 
186364 
186365 
186366 
186367 
186368 
186369 
186370 
186371 
186372 
186373 
186374 
186375 
186376 
186377 
186379 
186378 
186380 
186381 
186384 
186383 
186382 
186385 
186386 
186388 
186387 
186389 
186390 
186391 
186392 
186394 
186393 
186395 
186396 
186397 
186399 
186400 
186398 
186401 
186402 
186403 
186404 
186405 
186406 
186407 
186408 
186409 
186410 
186411 
186412 
186413 
186414 
186416 
186415 
186417 
186419 
186418 
186420 
186421 
186422 
186423 
186424 
186425 
186426 
186427 
186429 
186428 
186430 
186431 
186432 
186433 
186434 
186435 
186436 
186437 
186439 
186438 
186440 
186441 
186442 
186443 
186444 
186445 
186447 
186449 
186446 
186448 
186450 
186452 
186451 
186454 
186453 
186455 
186456 
186457 
186458 
186459 
186460 
186461 
186462 
186465 
186464 
186466 
186467 
186468 
186469 
186470 
186471 
186472 
186473 
186474 
186475 
186476 
186477 
186478 
186479 
186480 
186463 
186481 
186482 
186483 
186485 
186484 
186486 
186487 
186488 
186489 
186490 
186492 
186491 
186493 
186494 
186495 
186496 
186497 
186499 
186498 
186500 
186501 
186502 
186503 
186504 
186505 
186506 
186507 
186508 
186509 
186510 
186511 
186513 
186512 
186514 
186515 
186517 
186516 
186518 
186521 
186520 
186519 
186522 
186523 
186524 
186525 
186526 
186527 
186528 
186529 
186530 
186531 
186532 
186533 
186534 
186535 
186536 
186537 
186538 
186539 
186540 
186541 
186542 
186543 
186544 
186545 
186546 
186547 
186548 
186550 
186551 
186549 
186552 
186553 
186554 
186556 
186555 
186557 
186558 
186559 
186560 
186561 
186562 
186563 
186564 
186565 
186566 
186567 
186568 
186570 
186569 
186571 
186572 
186574 
186573 
186575 
186576 
186577 
186578 
186579 
186580 
186581 
186582 
186583 
186585 
186584 
186587 
186588 
186586 
186590 
186589 
186592 
186591 
186593 
186595 
186594 
186596 
186597 
186598 
186599 
186600 
186601 
186602 
186603 
186606 
186604 
186605 
186607 
186608 
186609 
186610 
186611 
186612 
186613 
186614 
186615 
186616 
186617 
186618 
186619 
186620 
186621 
186622 
186623 
186624 
186625 
186626 
186627 
186629 
186628 
186630 
186631 
186633 
186632 
186634 
186635 
186636 
186637 
186638 
186639 
186640 
186642 
186641 
186643 
186644 
186645 
186646 
186647 
186648 
186649 
186650 
186651 
186652 
186653 
186654 
186656 
186655 
186657 
186658 
186659 
186660 
186661 
186662 
186663 
186665 
186664 
186666 
186667 
186668 
186669 
186670 
186671 
186672 
186674 
186673 
186675 
186676 
186677 
186678 
186679 
186680 
186681 
186683 
186682 
186684 
186685 
186686 
186687 
186688 
186689 
186690 
186691 
186692 
186694 
186693 
186696 
186697 
186695 
186698 
186699 
186701 
186700 
186702 
186703 
186704 
186705 
186706 
186707 
186708 
186709 
186710 
186711 
186712 
186713 
186715 
186714 
186716 
186717 
186719 
186718 
186720 
186721 
186722 
186723 
186724 
186725 
186726 
186727 
186728 
186729 
186730 
186731 
186732 
186733 
186734 
186735 
186736 
186738 
186737 
186739 
186740 
186741 
186742 
186743 
186744 
186745 
186746 
186747 
186748 
186749 
186750 
186751 
186752 
186753 
186754 
186757 
186755 
186756 
186758 
186759 
186760 
186762 
186761 
186766 
186765 
186767 
186768 
186769 
186770 
186771 
186772 
186773 
186774 
186775 
186776 
186777 
186778 
186779 
186780 
186764 
186763 
186781 
186783 
186782 
186784 
186785 
186786 
186787 
186788 
186789 
186790 
186791 
186792 
186793 
186794 
186795 
186796 
186797 
186798 
186799 
186802 
186801 
186800 
186803 
186805 
186804 
186806 
186807 
186808 
186809 
186810 
186811 
186812 
186813 
186814 
186815 
186816 
186817 
186819 
186818 
186820 
186821 
186822 
186823 
186824 
186825 
186826 
186827 
186828 
186829 
186830 
186831 
186833 
186832 
186834 
186837 
186835 
186836 
186838 
186839 
186840 
186841 
186842 
186843 
186844 
186845 
186846 
186847 
186848 
186850 
186849 
186851 
186852 
186853 
186854 
186855 
186856 
186857 
186858 
186859 
186860 
186862 
186864 
186863 
186865 
186866 
186868 
186867 
186869 
186870 
186871 
186872 
186873 
186876 
186874 
186875 
186877 
186879 
186878 
186880 
186881 
186883 
186882 
186861 
186884 
186885 
186886 
186887 
186888 
186889 
186891 
186890 
186893 
186894 
186895 
186896 
186897 
186898 
186899 
186900 
186901 
186902 
186903 
186904 
186905 
186907 
186906 
186909 
186908 
186910 
186911 
186914 
186912 
186913 
186892 
186915 
186916 
186917 
186918 
186919 
186920 
186921 
186923 
186922 
186924 
186925 
186926 
186927 
186928 
186929 
186930 
186932 
186931 
186933 
186934 
186935 
186936 
186938 
186937 
186939 
186941 
186943 
186940 
186942 
186944 
186945 
186946 
186948 
186947 
186949 
186951 
186952 
186950 
186953 
186954 
186955 
186957 
186956 
186958 
186959 
186960 
186961 
186963 
186962 
186964 
186965 
186967 
186968 
186966 
186969 
186971 
186970 
186972 
186973 
186974 
186975 
186976 
186977 
186979 
186978 
186980 
186981 
186982 
186984 
186983 
186985 
186986 
186987 
186988 
186989 
186990 
186991 
186992 
186993 
186994 
186995 
186996 
186997 
186998 
186999 
187001 
187000 
187003 
187004 
187002 
187005 
187007 
187008 
187006 
187009 
187012 
187011 
187010 
187013 
187014 
187015 
187016 
187017 
187018 
187019 
187020 
187021 
187022 
187023 
187024 
187025 
187026 
187027 
187028 
187029 
187030 
187031 
187032 
187033 
187034 
187035 
187036 
187037 
187040 
187039 
187038 
187041 
187043 
187042 
187045 
187044 
187046 
187047 
187048 
187051 
187050 
187049 
187052 
187054 
187053 
187055 
187056 
187057 
187058 
187059 
187060 
187062 
187061 
187063 
187064 
187066 
187065 
187067 
187068 
187069 
187070 
187071 
187072 
187073 
187075 
187074 
187076 
187077 
187078 
187080 
187079 
187082 
187081 
187083 
187085 
187084 
187086 
187088 
187087 
187089 
187090 
187092 
187093 
187091 
187094 
187095 
187096 
187099 
187098 
187097 
187101 
187100 
187102 
187103 
187104 
187105 
187106 
187107 
187108 
187109 
187110 
187112 
187111 
187113 
187114 
187115 
187116 
187117 
187118 
187119 
187120 
187121 
187122 
187123 
187126 
187124 
187125 
187127 
187128 
187129 
187131 
187130 
187132 
187134 
187133 
187135 
187136 
187138 
187137 
187140 
187139 
187141 
187142 
187143 
187144 
187145 
187146 
187147 
187148 
187149 
187150 
187151 
187152 
187154 
187153 
187155 
187157 
187156 
187158 
187159 
187161 
187160 
187162 
187163 
187164 
187165 
187166 
187167 
187168 
187169 
187170 
187171 
187173 
187172 
187175 
187174 
187176 
187177 
187179 
187178 
187180 
187181 
187182 
187183 
187184 
187185 
187187 
187186 
187188 
187189 
187190 
187191 
187193 
187192 
187194 
187196 
187195 
187197 
187198 
187199 
187200 
187201 
187202 
187203 
187204 
187205 
187207 
187206 
187208 
187210 
187209 
187211 
187212 
187213 
187214 
187216 
187215 
187217 
187220 
187218 
187219 
187221 
187222 
187223 
187225 
187224 
187226 
187227 
187228 
187229 
187230 
187232 
187231 
187233 
187234 
187235 
187238 
187236 
187237 
187239 
187240 
187241 
187242 
187243 
187244 
187245 
187246 
187247 
187248 
187249 
187250 
187251 
187254 
187252 
187253 
187255 
187256 
187257 
187258 
187259 
187261 
187260 
187262 
187264 
187265 
187266 
187267 
187269 
187268 
187270 
187271 
187272 
187273 
187275 
187274 
187276 
187277 
187278 
187279 
187280 
187281 
187282 
187283 
187284 
187286 
187263 
187285 
187287 
187288 
187289 
187290 
187291 
187292 
187293 
187294 
187295 
187296 
187298 
187297 
187299 
187300 
187301 
187302 
187304 
187303 
187305 
187306 
187307 
187309 
187308 
187310 
187311 
187313 
187314 
187315 
187316 
187318 
187317 
187319 
187320 
187321 
187322 
187323 
187324 
187325 
187326 
187327 
187329 
187328 
187330 
187331 
187332 
187333 
187334 
187335 
187336 
187337 
187338 
187339 
187340 
187341 
187342 
187343 
187344 
187345 
187347 
187346 
187348 
187349 
187350 
187352 
187351 
187353 
187355 
187354 
187356 
187358 
187357 
187359 
187312 
187360 
187361 
187364 
187362 
187363 
187365 
187367 
187366 
187368 
187369 
187370 
187371 
187372 
187374 
187373 
187375 
187376 
187377 
187378 
187379 
187380 
187381 
187382 
187383 
187384 
187387 
187386 
187385 
187388 
187391 
187389 
187392 
187394 
187393 
187395 
187396 
187397 
187398 
187400 
187399 
187401 
187402 
187403 
187404 
187405 
187406 
187407 
187408 
187409 
187410 
187390 
187411 
187413 
187412 
187415 
187417 
187414 
187416 
187418 
187420 
187419 
187421 
187422 
187423 
187424 
187425 
187426 
187427 
187428 
187429 
187430 
187431 
187432 
187433 
187434 
187435 
187436 
187437 
187439 
187438 
187440 
187441 
187443 
187442 
187445 
187444 
187447 
187446 
187449 
187448 
187450 
187451 
187452 
187453 
187455 
187456 
187457 
187458 
187459 
187460 
187461 
187462 
187463 
187464 
187465 
187466 
187468 
187467 
187469 
187471 
187470 
187472 
187473 
187454 
187474 
187475 
187477 
187476 
187478 
187479 
187482 
187480 
187481 
187483 
187484 
187486 
187485 
187487 
187488 
187489 
187490 
187492 
187491 
187493 
187496 
187494 
187495 
187497 
187498 
187499 
187500 
187502 
187501 
187504 
187503 
187505 
187506 
187507 
187508 
187509 
187510 
187511 
187512 
187513 
187514 
187515 
187516 
187518 
187517 
187519 
187522 
187520 
187521 
187523 
187524 
187525 
187526 
187527 
187528 
187529 
187530 
187531 
187532 
187533 
187534 
187535 
187536 
187537 
187538 
187539 
187540 
187541 
187542 
187544 
187545 
187543 
187546 
187547 
187548 
187550 
187551 
187552 
187553 
187554 
187555 
187556 
187557 
187558 
187559 
187561 
187560 
187562 
187563 
187564 
187565 
187567 
187566 
187568 
187569 
187570 
187571 
187572 
187573 
187574 
187575 
187576 
187577 
187578 
187580 
187579 
187581 
187582 
187583 
187584 
187585 
187549 
187586 
187587 
187588 
187590 
187589 
187591 
187592 
187593 
187594 
187595 
187596 
187597 
187599 
187598 
187600 
187602 
187601 
187603 
187604 
187608 
187606 
187607 
187609 
187610 
187612 
187611 
187613 
187614 
187616 
187615 
187617 
187618 
187619 
187620 
187622 
187621 
187623 
187624 
187625 
187626 
187605 
187629 
187627 
187628 
187630 
187631 
187632 
187633 
187634 
187635 
187637 
187636 
187638 
187639 
187640 
187641 
187642 
187643 
187645 
187644 
187646 
187647 
187651 
187648 
187649 
187650 
187652 
187653 
187654 
187655 
187656 
187657 
187658 
187659 
187660 
187661 
187662 
187663 
187665 
187664 
187666 
187668 
187669 
187670 
187672 
187671 
187675 
187673 
187674 
187676 
187677 
187679 
187678 
187680 
187681 
187683 
187682 
187685 
187684 
187687 
187686 
187688 
187689 
187667 
187690 
187691 
187692 
187693 
187694 
187697 
187696 
187695 
187699 
187698 
187700 
187702 
187701 
187703 
187704 
187705 
187706 
187707 
187708 
187709 
187710 
187711 
187712 
187715 
187713 
187714 
187718 
187716 
187717 
187719 
187720 
187721 
187723 
187722 
187724 
187725 
187726 
187727 
187728 
187729 
187730 
187731 
187732 
187734 
187733 
187735 
187736 
187737 
187738 
187739 
187740 
187741 
187742 
187743 
187744 
187745 
187746 
187747 
187748 
187749 
187751 
187750 
187752 
187753 
187754 
187755 
187756 
187757 
187758 
187759 
187760 
187761 
187763 
187762 
187764 
187765 
187766 
187767 
187769 
187768 
187771 
187770 
187773 
187774 
187776 
187778 
187777 
187779 
187780 
187781 
187782 
187783 
187784 
187785 
187786 
187787 
187788 
187772 
187789 
187790 
187775 
187791 
187792 
187793 
187794 
187795 
187796 
187797 
187798 
187799 
187800 
187801 
187802 
187803 
187804 
187805 
187806 
187808 
187807 
187809 
187810 
187811 
187813 
187812 
187814 
187815 
187816 
187818 
187819 
187817 
187820 
187821 
187823 
187822 
187824 
187825 
187826 
187827 
187828 
187829 
187830 
187832 
187831 
187833 
187834 
187835 
187836 
187838 
187837 
187839 
187840 
187841 
187842 
187844 
187843 
187845 
187846 
187847 
187849 
187848 
187850 
187851 
187852 
187853 
187854 
187855 
187856 
187857 
187858 
187860 
187859 
187861 
187862 
187864 
187863 
187865 
187866 
187867 
187868 
187869 
187870 
187871 
187872 
187873 
187874 
187875 
187877 
187876 
187878 
187881 
187880 
187882 
187879 
187886 
187883 
187884 
187885 
187889 
187888 
187887 
187890 
187891 
187893 
187892 
187894 
187895 
187897 
187898 
187896 
187899 
187900 
187902 
187903 
187901 
187904 
187905 
187907 
187906 
187908 
187909 
187910 
187911 
187912 
187913 
187914 
187915 
187917 
187916 
187918 
187919 
187920 
187921 
187922 
187923 
187924 
187925 
187926 
187927 
187928 
187930 
187931 
187932 
187933 
187934 
187935 
187936 
187937 
187938 
187939 
187940 
187941 
187942 
187943 
187944 
187945 
187946 
187947 
187948 
187949 
187929 
187950 
187951 
187952 
187953 
187954 
187956 
187955 
187957 
187958 
187959 
187960 
187961 
187962 
187963 
187965 
187966 
187964 
187967 
187968 
187969 
187970 
187971 
187972 
187973 
187974 
187976 
187975 
187977 
187978 
187979 
187981 
187980 
187982 
187983 
187984 
187985 
187986 
187987 
187988 
187989 
187990 
187991 
187992 
187993 
187994 
187995 
187997 
187996 
187998 
187999 
188000 
188001 
188002 
188003 
188004 
188006 
188005 
188008 
188007 
188009 
188011 
188010 
188012 
188013 
188014 
188015 
188016 
188017 
188018 
188019 
188020 
188021 
188022 
188024 
188023 
188025 
188026 
188027 
188028 
188029 
188032 
188031 
188030 
188033 
188034 
188035 
188037 
188038 
188036 
188039 
188041 
188042 
188043 
188040 
188044 
188045 
188046 
188048 
188047 
188049 
188050 
188051 
188052 
188053 
188054 
188055 
188056 
188057 
188058 
188059 
188061 
188060 
188062 
188063 
188064 
188065 
188066 
188068 
188067 
188069 
188071 
188070 
188073 
188072 
188074 
188075 
188076 
188077 
188078 
188079 
188080 
188081 
188082 
188083 
188084 
188086 
188085 
188087 
188088 
188089 
188090 
188091 
188092 
188093 
188094 
188095 
188096 
188098 
188097 
188099 
188100 
188101 
188102 
188103 
188105 
188104 
188106 
188107 
188108 
188109 
188110 
188112 
188111 
188113 
188114 
188115 
188116 
188117 
188118 
188119 
188120 
188122 
188121 
188123 
188124 
188125 
188126 
188127 
188128 
188129 
188130 
188131 
188132 
188133 
188134 
188135 
188138 
188136 
188137 
188139 
188140 
188141 
188142 
188143 
188144 
188145 
188146 
188147 
188148 
188149 
188150 
188152 
188151 
188153 
188154 
188155 
188156 
188157 
188158 
188159 
188160 
188161 
188162 
188163 
188164 
188165 
188166 
188167 
188168 
188169 
188170 
188172 
188171 
188173 
188174 
188175 
188176 
188177 
188179 
188178 
188180 
188181 
188182 
188183 
188184 
188185 
188186 
188187 
188188 
188189 
188190 
188191 
188192 
188193 
188194 
188197 
188195 
188196 
188198 
188199 
188202 
188201 
188200 
188207 
188203 
188204 
188205 
188206 
188209 
188211 
188212 
188210 
188208 
188213 
188215 
188214 
188216 
188217 
188218 
188221 
188220 
188219 
188222 
188223 
188225 
188226 
188227 
188228 
188230 
188229 
188231 
188232 
188233 
188234 
188235 
188236 
188237 
188238 
188224 
188239 
188241 
188240 
188242 
188244 
188243 
188245 
188246 
188247 
188248 
188249 
188250 
188251 
188252 
188254 
188253 
188255 
188256 
188258 
188257 
188259 
188260 
188261 
188263 
188264 
188262 
188265 
188266 
188267 
188268 
188269 
188270 
188271 
188272 
188274 
188273 
188275 
188276 
188278 
188277 
188279 
188280 
188282 
188283 
188281 
188284 
188285 
188286 
188288 
188287 
188289 
188290 
188291 
188292 
188294 
188295 
188296 
188297 
188298 
188299 
188300 
188301 
188302 
188303 
188304 
188305 
188306 
188307 
188308 
188309 
188310 
188312 
188311 
188313 
188315 
188314 
188293 
188316 
188317 
188318 
188319 
188321 
188320 
188322 
188324 
188325 
188326 
188327 
188323 
188328 
188329 
188330 
188332 
188331 
188334 
188333 
188335 
188336 
188337 
188338 
188339 
188340 
188341 
188342 
188343 
188344 
188345 
188346 
188347 
188348 
188349 
188350 
188351 
188352 
188353 
188356 
188354 
188355 
188357 
188358 
188359 
188360 
188361 
188363 
188362 
188364 
188365 
188366 
188367 
188369 
188368 
188370 
188371 
188373 
188372 
188374 
188375 
188376 
188377 
188378 
188379 
188380 
188381 
188382 
188383 
188384 
188385 
188386 
188387 
188388 
188389 
188390 
188391 
188392 
188393 
188394 
188395 
188396 
188398 
188397 
188399 
188400 
188401 
188403 
188402 
188404 
188405 
188407 
188406 
188408 
188409 
188410 
188411 
188413 
188412 
188414 
188416 
188415 
188417 
188418 
188419 
188421 
188422 
188423 
188420 
188424 
188426 
188425 
188428 
188427 
188430 
188432 
188429 
188433 
188435 
188434 
188436 
188437 
188438 
188439 
188440 
188441 
188442 
188444 
188443 
188446 
188445 
188447 
188448 
188449 
188450 
188453 
188451 
188452 
188431 
188454 
188455 
188457 
188456 
188458 
188459 
188460 
188461 
188462 
188463 
188464 
188465 
188466 
188467 
188468 
188469 
188470 
188471 
188473 
188472 
188474 
188476 
188477 
188478 
188479 
188475 
188480 
188481 
188482 
188484 
188483 
188485 
188486 
188487 
188488 
188490 
188489 
188491 
188492 
188494 
188493 
188495 
188496 
188497 
188498 
188499 
188500 
188501 
188502 
188503 
188504 
188505 
188506 
188507 
188508 
188510 
188509 
188511 
188512 
188513 
188514 
188515 
188516 
188517 
188518 
188520 
188521 
188519 
188523 
188522 
188524 
188525 
188526 
188527 
188528 
188530 
188532 
188531 
188533 
188534 
188537 
188535 
188536 
188538 
188539 
188540 
188541 
188542 
188543 
188544 
188545 
188546 
188547 
188548 
188549 
188550 
188529 
188551 
188552 
188554 
188553 
188555 
188556 
188558 
188557 
188560 
188559 
188561 
188562 
188564 
188563 
188565 
188566 
188567 
188568 
188569 
188571 
188570 
188573 
188572 
188574 
188575 
188577 
188576 
188578 
188579 
188580 
188581 
188583 
188582 
188585 
188584 
188587 
188588 
188586 
188589 
188590 
188591 
188593 
188592 
188595 
188594 
188596 
188598 
188599 
188600 
188601 
188602 
188603 
188604 
188605 
188606 
188607 
188608 
188609 
188610 
188611 
188612 
188613 
188615 
188614 
188616 
188617 
188618 
188619 
188597 
188620 
188622 
188621 
188625 
188626 
188627 
188628 
188629 
188630 
188632 
188631 
188633 
188634 
188635 
188636 
188637 
188639 
188623 
188640 
188641 
188642 
188643 
188644 
188646 
188645 
188647 
188648 
188649 
188650 
188651 
188652 
188653 
188638 
188654 
188624 
188655 
188656 
188657 
188659 
188658 
188660 
188661 
188663 
188662 
188664 
188665 
188666 
188667 
188668 
188669 
188670 
188671 
188672 
188673 
188674 
188677 
188676 
188675 
188678 
188679 
188680 
188682 
188681 
188683 
188684 
188685 
188686 
188687 
188689 
188688 
188690 
188691 
188692 
188693 
188694 
188695 
188696 
188697 
188698 
188699 
188700 
188703 
188701 
188702 
188704 
188705 
188706 
188707 
188708 
188709 
188710 
188711 
188712 
188713 
188714 
188715 
188716 
188717 
188718 
188719 
188720 
188721 
188722 
188723 
188724 
188725 
188726 
188727 
188728 
188729 
188730 
188731 
188732 
188733 
188735 
188734 
188736 
188737 
188738 
188741 
188739 
188740 
188743 
188742 
188744 
188745 
188746 
188748 
188747 
188749 
188750 
188751 
188752 
188753 
188754 
188755 
188756 
188757 
188758 
188759 
188761 
188760 
188762 
188763 
188765 
188764 
188766 
188767 
188769 
188768 
188770 
188771 
188772 
188774 
188773 
188775 
188776 
188777 
188779 
188778 
188780 
188782 
188783 
188784 
188785 
188787 
188786 
188788 
188789 
188790 
188791 
188792 
188793 
188794 
188795 
188796 
188797 
188798 
188799 
188800 
188801 
188802 
188781 
188803 
188804 
188806 
188805 
188807 
188808 
188811 
188812 
188813 
188814 
188815 
188816 
188817 
188818 
188819 
188820 
188821 
188822 
188823 
188824 
188825 
188826 
188810 
188809 
188827 
188828 
188829 
188830 
188831 
188832 
188833 
188835 
188836 
188837 
188838 
188839 
188840 
188841 
188842 
188843 
188844 
188845 
188846 
188847 
188848 
188849 
188850 
188851 
188852 
188853 
188854 
188855 
188834 
188856 
188858 
188857 
188859 
188860 
188861 
188862 
188863 
188864 
188866 
188865 
188868 
188867 
188869 
188870 
188871 
188872 
188873 
188874 
188876 
188875 
188877 
188878 
188879 
188880 
188881 
188882 
188883 
188884 
188885 
188886 
188887 
188888 
188889 
188890 
188891 
188894 
188892 
188893 
188895 
188898 
188899 
188900 
188901 
188902 
188903 
188904 
188905 
188897 
188906 
188908 
188907 
188910 
188912 
188911 
188913 
188914 
188915 
188896 
188909 
188916 
188917 
188918 
188919 
188920 
188921 
188922 
188923 
188924 
188926 
188927 
188928 
188929 
188930 
188931 
188932 
188933 
188934 
188925 
188935 
188937 
188938 
188939 
188940 
188941 
188943 
188942 
188944 
188945 
188946 
188947 
188948 
188949 
188951 
188952 
188953 
188954 
188955 
188956 
188936 
188957 
188958 
188959 
188960 
188961 
188962 
188963 
188964 
188950 
188965 
188966 
188967 
188968 
188970 
188971 
188972 
188973 
188974 
188975 
188976 
188979 
188977 
188978 
188980 
188981 
188982 
188983 
188984 
188985 
188986 
188987 
188969 
188988 
188989 
188990 
188991 
188992 
188993 
188995 
188994 
188996 
188997 
188998 
188999 
189000 
189001 
189002 
189003 
189004 
189005 
189006 
189007 
189008 
189009 
189010 
189012 
189011 
189013 
189014 
189015 
189017 
189016 
189018 
189019 
189020 
189022 
189021 
189024 
189023 
189026 
189025 
189027 
189030 
189029 
189028 
189031 
189032 
189033 
189034 
189035 
189036 
189037 
189038 
189039 
189040 
189041 
189042 
189043 
189044 
189046 
189045 
189047 
189048 
189049 
189050 
189051 
189052 
189053 
189054 
189055 
189058 
189056 
189057 
189061 
189060 
189059 
189062 
189063 
189064 
189065 
189067 
189066 
189069 
189070 
189071 
189072 
189073 
189074 
189075 
189076 
189077 
189078 
189079 
189080 
189081 
189082 
189083 
189085 
189084 
189086 
189088 
189087 
189089 
189068 
189090 
189092 
189093 
189091 
189094 
189095 
189096 
189097 
189098 
189099 
189100 
189101 
189103 
189102 
189104 
189105 
189107 
189106 
189108 
189109 
189110 
189111 
189112 
189113 
189114 
189115 
189116 
189117 
189118 
189119 
189121 
189120 
189122 
189123 
189125 
189124 
189126 
189127 
189128 
189129 
189130 
189131 
189132 
189134 
189133 
189135 
189136 
189138 
189137 
189139 
189140 
189141 
189142 
189143 
189144 
189146 
189147 
189145 
189148 
189150 
189151 
189149 
189152 
189153 
189155 
189154 
189156 
189157 
189158 
189159 
189160 
189161 
189162 
189164 
189163 
189165 
189166 
189167 
189170 
189169 
189171 
189172 
189173 
189174 
189175 
189176 
189177 
189178 
189179 
189180 
189181 
189182 
189185 
189168 
189186 
189187 
189189 
189188 
189190 
189191 
189193 
189184 
189194 
189195 
189196 
189197 
189198 
189199 
189200 
189201 
189202 
189203 
189204 
189192 
189206 
189207 
189208 
189209 
189210 
189211 
189212 
189214 
189213 
189215 
189216 
189217 
189218 
189219 
189205 
189220 
189222 
189221 
189223 
189224 
189225 
189183 
189227 
189226 
189228 
189229 
189230 
189231 
189232 
189233 
189234 
189236 
189235 
189237 
189239 
189238 
189240 
189241 
189242 
189245 
189246 
189247 
189248 
189249 
189250 
189251 
189252 
189253 
189254 
189255 
189257 
189256 
189259 
189258 
189260 
189243 
189244 
189261 
189262 
189264 
189263 
189265 
189266 
189267 
189268 
189269 
189271 
189270 
189272 
189273 
189274 
189275 
189277 
189276 
189278 
189280 
189279 
189281 
189283 
189282 
189284 
189286 
189287 
189285 
189288 
189289 
189290 
189291 
189292 
189293 
189294 
189295 
189296 
189297 
189298 
189299 
189300 
189301 
189302 
189303 
189304 
189306 
189305 
189307 
189308 
189310 
189313 
189309 
189311 
189312 
189314 
189316 
189317 
189315 
189318 
189319 
189323 
189321 
189320 
189322 
189325 
189326 
189328 
189327 
189329 
189330 
189331 
189332 
189333 
189334 
189335 
189336 
189337 
189338 
189339 
189340 
189341 
189342 
189343 
189344 
189345 
189324 
189346 
189347 
189348 
189349 
189350 
189351 
189352 
189354 
189353 
189355 
189356 
189357 
189358 
189359 
189360 
189361 
189362 
189363 
189365 
189364 
189366 
189367 
189368 
189369 
189370 
189371 
189372 
189374 
189375 
189376 
189378 
189377 
189380 
189379 
189382 
189381 
189383 
189385 
189384 
189386 
189388 
189387 
189389 
189391 
189392 
189393 
189373 
189394 
189395 
189396 
189398 
189397 
189399 
189400 
189401 
189402 
189403 
189405 
189404 
189406 
189407 
189408 
189390 
189410 
189409 
189412 
189411 
189413 
189414 
189415 
189416 
189417 
189418 
189419 
189421 
189420 
189422 
189423 
189425 
189424 
189426 
189427 
189428 
189429 
189430 
189431 
189432 
189433 
189434 
189435 
189438 
189437 
189439 
189436 
189440 
189443 
189441 
189442 
189444 
189445 
189446 
189447 
189448 
189449 
189451 
189450 
189453 
189454 
189455 
189456 
189457 
189459 
189458 
189460 
189462 
189461 
189464 
189463 
189465 
189466 
189467 
189469 
189468 
189470 
189471 
189472 
189473 
189452 
189474 
189476 
189475 
189477 
189478 
189479 
189481 
189480 
189482 
189483 
189485 
189486 
189484 
189488 
189487 
189490 
189489 
189491 
189492 
189494 
189493 
189495 
189496 
189498 
189497 
189499 
189500 
189501 
189502 
189503 
189505 
189504 
189507 
189506 
189508 
189511 
189509 
189510 
189512 
189513 
189514 
189515 
189518 
189516 
189517 
189519 
189520 
189521 
189523 
189524 
189522 
189525 
189528 
189527 
189529 
189530 
189531 
189532 
189533 
189534 
189535 
189536 
189539 
189540 
189541 
189542 
189543 
189544 
189545 
189526 
189546 
189548 
189549 
189550 
189538 
189537 
189551 
189552 
189553 
189554 
189556 
189555 
189557 
189558 
189559 
189560 
189561 
189562 
189547 
189563 
189565 
189564 
189567 
189566 
189572 
189573 
189574 
189575 
189569 
189570 
189568 
189576 
189571 
189577 
189579 
189578 
189581 
189580 
189582 
189583 
189585 
189584 
189586 
189587 
189588 
189590 
189589 
189591 
189592 
189593 
189595 
189594 
189596 
189599 
189597 
189598 
189600 
189602 
189603 
189604 
189601 
189605 
189606 
189608 
189607 
189609 
189611 
189610 
189612 
189613 
189614 
189615 
189616 
189617 
189618 
189620 
189619 
189621 
189622 
189623 
189624 
189625 
189626 
189627 
189628 
189629 
189630 
189631 
189632 
189634 
189633 
189637 
189635 
189636 
189638 
189639 
189640 
189642 
189641 
189643 
189644 
189645 
189646 
189647 
189648 
189650 
189649 
189651 
189652 
189653 
189654 
189655 
189656 
189658 
189657 
189659 
189660 
189661 
189662 
189664 
189663 
189665 
189666 
189667 
189669 
189668 
189670 
189671 
189672 
189674 
189673 
189675 
189676 
189680 
189678 
189677 
189679 
189682 
189681 
189684 
189683 
189685 
189686 
189689 
189688 
189687 
189690 
189691 
189692 
189695 
189693 
189694 
189696 
189698 
189697 
189699 
189700 
189701 
189702 
189703 
189704 
189706 
189705 
189707 
189708 
189709 
189710 
189712 
189711 
189713 
189714 
189716 
189715 
189717 
189718 
189719 
189720 
189721 
189723 
189722 
189724 
189726 
189725 
189727 
189728 
189729 
189730 
189732 
189733 
189734 
189735 
189736 
189737 
189738 
189739 
189740 
189742 
189743 
189741 
189744 
189745 
189746 
189747 
189748 
189750 
189749 
189731 
189751 
189752 
189753 
189754 
189755 
189756 
189757 
189758 
189760 
189759 
189762 
189761 
189764 
189763 
189765 
189766 
189767 
189768 
189769 
189770 
189771 
189773 
189772 
189774 
189775 
189776 
189777 
189778 
189779 
189780 
189781 
189782 
189783 
189784 
189786 
189787 
189785 
189788 
189789 
189790 
189791 
189792 
189793 
189795 
189794 
189796 
189797 
189798 
189799 
189801 
189800 
189802 
189803 
189804 
189805 
189806 
189807 
189809 
189808 
189810 
189811 
189813 
189812 
189814 
189815 
189816 
189817 
189818 
189820 
189819 
189821 
189824 
189822 
189823 
189825 
189826 
189827 
189828 
189829 
189830 
189831 
189832 
189833 
189834 
189835 
189837 
189836 
189838 
189839 
189840 
189841 
189842 
189843 
189844 
189845 
189846 
189847 
189848 
189849 
189850 
189851 
189853 
189852 
189854 
189855 
189856 
189858 
189859 
189860 
189861 
189863 
189862 
189864 
189865 
189866 
189867 
189868 
189870 
189869 
189872 
189871 
189873 
189874 
189875 
189876 
189877 
189857 
189878 
189879 
189881 
189880 
189882 
189883 
189884 
189886 
189885 
189887 
189888 
189889 
189891 
189890 
189892 
189893 
189894 
189895 
189896 
189897 
189898 
189899 
189900 
189902 
189901 
189903 
189904 
189906 
189905 
189907 
189908 
189909 
189910 
189911 
189912 
189914 
189915 
189916 
189917 
189918 
189919 
189920 
189921 
189922 
189923 
189924 
189925 
189927 
189926 
189928 
189930 
189932 
189931 
189929 
189933 
189934 
189935 
189913 
189936 
189937 
189938 
189939 
189940 
189941 
189942 
189943 
189944 
189945 
189946 
189947 
189948 
189949 
189950 
189952 
189953 
189951 
189954 
189956 
189957 
189955 
189959 
189958 
189961 
189960 
189963 
189962 
189964 
189966 
189965 
189967 
189968 
189970 
189971 
189969 
189972 
189973 
189974 
189975 
189977 
189976 
189979 
189978 
189980 
189981 
189982 
189983 
189985 
189984 
189987 
189988 
189989 
189990 
189992 
189993 
189991 
189994 
189995 
189996 
189997 
189998 
189999 
190000 
190001 
190003 
190004 
190002 
189986 
190006 
190007 
190005 
190008 
190010 
190011 
190009 
190012 
190013 
190014 
190015 
190016 
190017 
190018 
190020 
190019 
190021 
190023 
190022 
190024 
190026 
190027 
190028 
190029 
190030 
190031 
190033 
190032 
190034 
190036 
190035 
190038 
190037 
190039 
190040 
190041 
190042 
190043 
190044 
190045 
190046 
190025 
190047 
190048 
190049 
190050 
190051 
190052 
190053 
190054 
190055 
190056 
190057 
190059 
190058 
190061 
190060 
190062 
190063 
190064 
190065 
190067 
190066 
190068 
190069 
190070 
190071 
190072 
190073 
190074 
190075 
190076 
190078 
190077 
190079 
190080 
190081 
190082 
190083 
190084 
190086 
190085 
190087 
190088 
190089 
190090 
190091 
190092 
190093 
190094 
190095 
190096 
190097 
190100 
190099 
190098 
190102 
190101 
190103 
190104 
190105 
190106 
190107 
190108 
190109 
190112 
190111 
190110 
190113 
190114 
190115 
190116 
190117 
190118 
190120 
190119 
190121 
190122 
190123 
190124 
190126 
190125 
190128 
190127 
190129 
190130 
190131 
190132 
190133 
190134 
190135 
190136 
190137 
190139 
190140 
190138 
190141 
190142 
190143 
190144 
190145 
190147 
190146 
190148 
190149 
190150 
190151 
190152 
190153 
190154 
190156 
190155 
190157 
190158 
190159 
190160 
190161 
190163 
190162 
190164 
190165 
190166 
190167 
190168 
190169 
190170 
190171 
190172 
190174 
190173 
190175 
190177 
190176 
190178 
190179 
190180 
190181 
190183 
190182 
190184 
190186 
190185 
190187 
190188 
190189 
190190 
190191 
190192 
190193 
190194 
190195 
190196 
190197 
190199 
190198 
190200 
190201 
190202 
190205 
190203 
190206 
190204 
190207 
190208 
190210 
190209 
190211 
190212 
190213 
190214 
190215 
190216 
190217 
190218 
190219 
190220 
190221 
190223 
190224 
190222 
190225 
190226 
190227 
190228 
190229 
190230 
190231 
190233 
190234 
190235 
190237 
190236 
190238 
190239 
190240 
190242 
190241 
190243 
190244 
190245 
190246 
190247 
190248 
190249 
190250 
190251 
190252 
190253 
190254 
190232 
190255 
190256 
190257 
190258 
190259 
190260 
190261 
190262 
190264 
190263 
190266 
190265 
190267 
190268 
190269 
190270 
190271 
190272 
190273 
190275 
190274 
190276 
190277 
190278 
190279 
190280 
190281 
190282 
190283 
190284 
190286 
190285 
190287 
190288 
190289 
190290 
190291 
190292 
190293 
190294 
190295 
190297 
190296 
190299 
190298 
190300 
190303 
190301 
190302 
190304 
190306 
190305 
190307 
190309 
190308 
190310 
190311 
190312 
190313 
190314 
190315 
190317 
190316 
190318 
190320 
190319 
190321 
190323 
190322 
190324 
190325 
190326 
190329 
190327 
190328 
190330 
190332 
190331 
190333 
190334 
190336 
190335 
190337 
190338 
190339 
190340 
190342 
190343 
190341 
190344 
190345 
190346 
190347 
190348 
190349 
190351 
190352 
190353 
190354 
190356 
190355 
190357 
190358 
190359 
190360 
190362 
190361 
190363 
190364 
190365 
190367 
190366 
190350 
190368 
190370 
190369 
190372 
190371 
190373 
190374 
190376 
190375 
190377 
190378 
190379 
190380 
190381 
190384 
190383 
190382 
190385 
190386 
190387 
190390 
190388 
190389 
190391 
190392 
190393 
190394 
190395 
190397 
190396 
190398 
190399 
190401 
190403 
190400 
190402 
190404 
190405 
190406 
190407 
190408 
190411 
190410 
190409 
190412 
190413 
190414 
190415 
190416 
190418 
190417 
190420 
190419 
190421 
190422 
190424 
190425 
190423 
190426 
190429 
190428 
190427 
190430 
190431 
190432 
190433 
190434 
190435 
190437 
190438 
190436 
190439 
190440 
190442 
190441 
190443 
190444 
190445 
190446 
190447 
190448 
190449 
190451 
190450 
190452 
190453 
190454 
190455 
190456 
190457 
190458 
190459 
190460 
190462 
190461 
190463 
190464 
190465 
190466 
190467 
190468 
190470 
190469 
190471 
190473 
190472 
190474 
190476 
190475 
190479 
190477 
190480 
190478 
190481 
190484 
190482 
190483 
190485 
190486 
190487 
190488 
190489 
190490 
190491 
190492 
190493 
190494 
190495 
190496 
190498 
190499 
190500 
190502 
190501 
190503 
190505 
190504 
190506 
190507 
190508 
190509 
190510 
190511 
190512 
190513 
190514 
190515 
190516 
190518 
190517 
190497 
190519 
190520 
190521 
190523 
190522 
190525 
190524 
190527 
190526 
190529 
190528 
190530 
190531 
190533 
190532 
190534 
190535 
190536 
190537 
190538 
190541 
190540 
190539 
190542 
190544 
190543 
190545 
190546 
190547 
190548 
190549 
190550 
190551 
190552 
190553 
190554 
190555 
190557 
190558 
190556 
190559 
190561 
190560 
190562 
190563 
190564 
190567 
190565 
190566 
190568 
190570 
190571 
190569 
190572 
190573 
190574 
190575 
190576 
190577 
190579 
190580 
190578 
190581 
190582 
190583 
190584 
190585 
190586 
190587 
190588 
190589 
190590 
190591 
190593 
190592 
190594 
190597 
190595 
190599 
190598 
190596 
190600 
190602 
190603 
190604 
190601 
190605 
190606 
190607 
190608 
190609 
190610 
190611 
190612 
190613 
190614 
190615 
190616 
190617 
190618 
190620 
190619 
190621 
190622 
190624 
190623 
190626 
190625 
190627 
190628 
190630 
190629 
190631 
190632 
190633 
190634 
190636 
190637 
190638 
190639 
190640 
190642 
190641 
190645 
190644 
190643 
190646 
190647 
190649 
190648 
190650 
190651 
190652 
190654 
190653 
190655 
190656 
190657 
190635 
190658 
190659 
190660 
190661 
190662 
190663 
190664 
190665 
190666 
190669 
190667 
190670 
190668 
190672 
190671 
190674 
190673 
190675 
190676 
190677 
190678 
190679 
190680 
190681 
190682 
190683 
190684 
190685 
190686 
190687 
190688 
190691 
190689 
190690 
190692 
190693 
190694 
190696 
190695 
190697 
190698 
190699 
190700 
190702 
190703 
190704 
190705 
190707 
190706 
190708 
190709 
190710 
190711 
190712 
190714 
190715 
190716 
190713 
190717 
190719 
190718 
190720 
190721 
190722 
190723 
190724 
190701 
190725 
190726 
190727 
190729 
190728 
190730 
190731 
190732 
190733 
190736 
190735 
190739 
190737 
190740 
190738 
190741 
190743 
190742 
190744 
190745 
190746 
190747 
190748 
190749 
190750 
190751 
190752 
190753 
190754 
190755 
190757 
190756 
190758 
190734 
190759 
190761 
190760 
190762 
190763 
190764 
190767 
190765 
190766 
190769 
190768 
190770 
190771 
190772 
190773 
190775 
190774 
190776 
190777 
190779 
190778 
190780 
190781 
190782 
190783 
190784 
190785 
190786 
190787 
190788 
190789 
190791 
190790 
190792 
190793 
190794 
190795 
190796 
190797 
190798 
190799 
190803 
190800 
190802 
190801 
190804 
190805 
190806 
190807 
190809 
190810 
190811 
190812 
190813 
190815 
190814 
190816 
190817 
190818 
190819 
190820 
190821 
190823 
190822 
190824 
190825 
190827 
190826 
190808 
190828 
190829 
190830 
190831 
190832 
190833 
190834 
190835 
190836 
190837 
190838 
190839 
190840 
190842 
190841 
190843 
190844 
190845 
190848 
190846 
190847 
190849 
190850 
190852 
190851 
190854 
190853 
190855 
190857 
190858 
190856 
190859 
190860 
190862 
190861 
190863 
190864 
190865 
190866 
190867 
190868 
190869 
190870 
190871 
190872 
190873 
190875 
190874 
190876 
190877 
190878 
190879 
190880 
190881 
190882 
190883 
190884 
190886 
190885 
190887 
190888 
190889 
190890 
190892 
190891 
190893 
190894 
190895 
190896 
190897 
190898 
190899 
190901 
190900 
190902 
190903 
190904 
190905 
190906 
190907 
190908 
190909 
190910 
190911 
190914 
190913 
190912 
190915 
190916 
190917 
190918 
190919 
190920 
190921 
190922 
190923 
190924 
190925 
190927 
190926 
190928 
190929 
190931 
190932 
190930 
190933 
190934 
190935 
190938 
190937 
190936 
190939 
190941 
190940 
190942 
190943 
190944 
190945 
190947 
190946 
190948 
190949 
190950 
190951 
190952 
190953 
190955 
190954 
190956 
190957 
190959 
190958 
190960 
190963 
190961 
190962 
190964 
190965 
190966 
190967 
190968 
190969 
190970 
190971 
190972 
190973 
190974 
190975 
190976 
190977 
190978 
190980 
190979 
190981 
190982 
190983 
190984 
190985 
190986 
190987 
190988 
190989 
190991 
190990 
190994 
190992 
190993 
190997 
190995 
190996 
190998 
190999 
191000 
191001 
191002 
191005 
191004 
191006 
191008 
191007 
191009 
191011 
191010 
191012 
191013 
191014 
191015 
191016 
191017 
191018 
191019 
191022 
191020 
191021 
191024 
191023 
191025 
191026 
191003 
191027 
191028 
191030 
191029 
191031 
191032 
191034 
191033 
191037 
191036 
191035 
191040 
191038 
191039 
191041 
191042 
191043 
191044 
191045 
191046 
191047 
191048 
191049 
191050 
191051 
191053 
191052 
191054 
191057 
191055 
191056 
191058 
191059 
191060 
191062 
191061 
191063 
191065 
191064 
191066 
191067 
191069 
191068 
191070 
191071 
191072 
191073 
191074 
191075 
191078 
191076 
191077 
191080 
191079 
191081 
191082 
191083 
191087 
191088 
191089 
191090 
191091 
191093 
191094 
191086 
191095 
191084 
191085 
191096 
191097 
191098 
191100 
191099 
191101 
191102 
191103 
191104 
191105 
191092 
191107 
191106 
191108 
191111 
191109 
191110 
191112 
191113 
191114 
191115 
191116 
191117 
191119 
191118 
191120 
191121 
191122 
191123 
191124 
191125 
191126 
191127 
191128 
191130 
191129 
191133 
191132 
191131 
191134 
191136 
191135 
191137 
191138 
191140 
191139 
191141 
191142 
191144 
191143 
191145 
191146 
191148 
191147 
191149 
191150 
191152 
191151 
191153 
191154 
191155 
191156 
191158 
191157 
191159 
191161 
191160 
191162 
191163 
191165 
191166 
191164 
191169 
191167 
191168 
191170 
191171 
191172 
191173 
191174 
191175 
191176 
191177 
191178 
191179 
191180 
191182 
191181 
191183 
191186 
191185 
191184 
191187 
191189 
191188 
191190 
191191 
191192 
191193 
191194 
191195 
191196 
191197 
191198 
191199 
191200 
191203 
191201 
191202 
191204 
191206 
191205 
191208 
191207 
191210 
191209 
191211 
191212 
191213 
191214 
191215 
191216 
191219 
191217 
191218 
191220 
191221 
191222 
191223 
191224 
191225 
191226 
191227 
191232 
191228 
191229 
191231 
191230 
191233 
191234 
191236 
191237 
191235 
191238 
191239 
191241 
191240 
191242 
191243 
191246 
191248 
191245 
191244 
191247 
191250 
191249 
191251 
191252 
191253 
191254 
191256 
191255 
191257 
191258 
191259 
191260 
191261 
191262 
191264 
191263 
191266 
191268 
191265 
191267 
191269 
191271 
191270 
191272 
191273 
191274 
191275 
191276 
191277 
191278 
191279 
191280 
191281 
191282 
191285 
191283 
191284 
191286 
191287 
191288 
191289 
191290 
191291 
191293 
191292 
191294 
191295 
191296 
191297 
191298 
191299 
191300 
191302 
191301 
191303 
191304 
191305 
191306 
191307 
191308 
191309 
191311 
191310 
191312 
191313 
191315 
191314 
191316 
191317 
191319 
191318 
191320 
191321 
191323 
191322 
191324 
191325 
191327 
191326 
191328 
191329 
191331 
191330 
191332 
191333 
191334 
191335 
191336 
191338 
191337 
191339 
191340 
191341 
191342 
191344 
191343 
191345 
191346 
191350 
191347 
191348 
191349 
191352 
191353 
191354 
191351 
191355 
191356 
191357 
191358 
191359 
191360 
191363 
191364 
191361 
191362 
191365 
191368 
191367 
191366 
191373 
191370 
191372 
191371 
191369 
191378 
191374 
191375 
191376 
191377 
191380 
191379 
191381 
191382 
191383 
191385 
191384 
191387 
191386 
191388 
191389 
191390 
191391 
191393 
191392 
191394 
191395 
191396 
191397 
191398 
191399 
191401 
191400 
191402 
191403 
191404 
191405 
191407 
191406 
191408 
191409 
191411 
191410 
191412 
191413 
191415 
191414 
191416 
191417 
191418 
191420 
191419 
191421 
191422 
191423 
191425 
191424 
191426 
191427 
191429 
191428 
191430 
191431 
191433 
191432 
191434 
191435 
191436 
191437 
191438 
191439 
191440 
191441 
191442 
191444 
191443 
191445 
191447 
191446 
191448 
191450 
191449 
191451 
191452 
191454 
191453 
191456 
191455 
191457 
191458 
191460 
191459 
191461 
191462 
191464 
191463 
191465 
191466 
191467 
191468 
191469 
191470 
191471 
