63744 10
63746 7
63745 7
63748 12
63747 13
63749 7
63750 5
63751 7
63753 9
63752 7
63754 8
63755 12
63756 8
63757 19
63758 21
63759 19
63760 22
63761 17
63762 13
63763 22
63764 15
63765 9
63766 10
63767 10
63768 12
63772 7
63773 21
63771 13
63769 13
63770 16
63774 21
63778 17
63777 12
63776 30
63775 20
63779 17
63782 19
63780 19
63781 8
63783 21
63786 10
63785 10
63784 11
63788 8
63787 10
63789 8
63790 7
63793 19
63791 12
63792 16
63794 20
63795 16
63797 19
63796 6
63799 13
63800 21
63798 13
63802 24
63801 15
63803 13
63804 12
63806 11
63808 11
63807 16
63805 14
63809 15
63810 20
63811 7
63814 7
63815 15
63812 23
63813 23
63816 13
63817 13
63820 15
63818 18
63821 11
63819 14
63822 14
63823 11
63824 17
63825 8
63826 11
63827 6
63828 15
63829 10
63832 11
63831 14
63830 13
63833 10
63834 22
63835 9
63837 15
63836 15
63838 4
63840 9
63839 14
63841 11
63842 11
63843 5
63845 9
63846 12
63847 4
63848 8
63849 15
63850 10
63851 11
63852 13
63853 9
63854 12
63855 14
63844 17
63856 10
63857 7
63858 7
63860 8
63859 9
63861 11
63863 9
63864 8
63862 11
63865 10
63866 11
63867 18
63868 7
63869 15
63870 12
63871 16
63873 3
63874 19
63875 10
63876 18
63877 19
63878 14
63879 29
63880 19
63882 2
63881 15
63872 6
63884 16
63885 22
63883 16
63886 6
63887 15
63888 23
63890 13
63889 15
63891 13
63892 14
63893 8
63894 15
63895 17
63896 15
63898 10
63897 13
63900 6
63899 17
63901 6
63902 9
63904 12
63903 10
63905 14
63907 8
63906 13
63908 11
63909 17
63911 18
63910 19
63913 8
63912 5
63914 14
63916 8
63918 15
63917 9
63919 11
63921 13
63920 11
63922 13
63926 17
63923 24
63924 14
63925 8
63915 17
63928 16
63927 20
63929 12
63931 14
63930 2
63932 15
63934 10
63933 7
63936 16
63935 15
63937 17
63938 14
63939 15
63940 16
63942 6
63941 13
63944 8
63943 15
63946 10
63948 11
63947 13
63950 12
63949 10
63951 10
63952 19
63953 4
63955 10
63954 15
63957 11
63956 10
63958 11
63959 15
63945 9
63960 9
63962 10
63961 13
63964 11
63963 11
63965 7
63966 6
63967 15
63969 7
63968 8
63971 8
63970 11
63973 12
63974 16
63972 11
63976 12
63975 13
63977 7
63978 18
63979 10
63980 13
63981 7
63982 16
63983 16
63984 19
63985 14
63986 23
63987 23
63988 8
63989 11
63990 17
63992 11
63991 5
63994 8
63995 8
63996 19
63993 11
63997 4
63998 9
64001 9
63999 8
64000 4
64003 16
64002 8
64004 6
64005 9
64007 16
64006 15
64009 8
64008 6
64011 13
64010 7
64012 3
64013 13
64015 10
64014 6
64016 13
64018 12
64017 11
64019 12
64020 13
64021 18
64023 10
64024 5
64022 11
64025 9
64026 10
64027 13
64029 14
64028 13
64031 12
64030 6
64033 11
64032 19
64034 15
64037 11
64035 18
64036 7
64038 10
64039 15
64040 16
64042 12
64041 12
64043 13
64046 9
64045 21
64044 16
64047 17
64049 14
64048 9
64050 7
64051 9
64052 13
64054 12
64053 8
64056 16
64055 14
64057 12
64058 15
64059 15
64061 10
64060 3
64062 12
64063 15
64064 19
64066 9
64067 12
64065 11
64068 11
64071 14
64069 10
64070 11
64072 12
64073 4
64075 13
64074 12
64076 7
64077 8
64079 9
64078 8
64080 9
64081 9
64084 15
64083 13
64085 9
64082 12
64087 15
64086 13
64088 13
64089 17
64091 9
64090 13
64093 4
64092 10
64094 3
64095 11
64096 14
64097 11
64098 16
64100 14
64099 18
64102 3
64101 19
64103 11
64104 19
64105 20
64106 16
64107 11
64108 14
64109 16
64110 
64111 
64112 8
64113 7
64115 4
64114 6
64116 6
64117 16
64118 9
64119 3
64120 12
64121 11
64122 12
64123 12
64125 15
64124 13
64126 8
64127 8
64128 11
64129 16
64130 13
64131 14
64132 11
64133 13
64134 11
64136 13
64135 13
64137 15
64138 13
64139 19
64140 17
64141 12
64143 12
64144 10
64145 12
64146 10
64147 11
64148 7
64149 4
64150 10
64142 12
64151 10
64152 13
64153 12
64154 14
64155 17
64156 12
64158 17
64157 9
64159 5
64160 11
64163 8
64161 14
64162 13
64165 14
64164 18
64166 10
64169 12
64167 11
64168 8
64170 11
64171 15
64173 13
64172 15
64174 9
64175 12
64176 13
64177 12
64178 8
64179 9
64180 10
64181 15
64182 16
64185 15
64184 11
64183 18
64186 15
64187 15
64188 16
64190 16
64191 18
64193 19
64192 23
64194 16
64195 15
64196 16
64197 14
64199 19
64198 10
64200 13
64189 15
64203 13
64202 20
64201 19
64204 16
64206 16
64205 20
64208 15
64207 18
64209 9
64211 18
64210 18
64213 18
64212 18
64214 18
64216 23
64218 
64219 
64220 
64217 18
64221 
64222 
64223 
64224 
64225 
64226 
64227 
64228 
64229 
64231 
64230 
64233 
64232 
64215 9
64234 
64235 
64238 
64237 
64239 
64236 
64240 
64241 
64242 
64243 
64244 
64245 
64246 
64248 
64247 
64250 
64251 
64252 
64253 
64254 
64255 
64249 
