194562 1
194563 7
194560 8
194561 3
194564 7
194565 8
194566 9
194567 10
194568 11
194569 13
194570 14
194572 16
194573 6
194571 14
194574 7
194575 8
194576 21
194577 8
194578 11
194579 20
194580 4
194581 6
194583 4
194582 6
194584 10
194586 5
194587 7
194588 17
194589 2
194590 3
194591 7
194592 8
194593 9
194585 4
194594 12
194597 9
194595 13
194596 6
194598 9
194599 12
194600 3
194601 5
194603 5
194602 5
194604 6
194605 9
194606 12
194607 8
194609 10
194608 9
194611 11
194610 10
194612 4
194614 3
194613 6
194615 7
194616 11
194617 5
194619 6
194618 5
194620 7
194622 7
194621 6
194623 8
194625 10
194624 9
194626 10
194628 11
194627 11
194629 12
194630 12
194631 12
194632 12
194633 12
194634 13
194635 14
194636 14
194637 14
194638 14
194639 16
194640 5
194643 11
194641 6
194642 9
194644 11
194645 11
194646 12
194647 13
194648 14
194649 18
194650 7
194651 13
194652 7
194653 6
194654 13
194656 5
194655 12
194657 9
194660 10
194658 9
194661 11
194659 10
194662 11
194663 12
194664 13
194665 14
194666 19
194667 19
194669 11
194668 6
194670 13
194671 14
194672 19
194673 25
194675 10
194674 7
194676 6
194677 3
194678 9
194680 3
194679 12
194681 8
194682 9
194683 9
194684 12
194686 13
194685 12
194687 13
194690 14
194688 14
194691 5
194689 6
194692 12
194693 10
194696 16
194694 12
194697 25
194695 16
194699 11
194698 9
194700 11
194701 11
194702 12
194703 14
194705 6
194704 4
194706 7
194707 9
194708 8
194710 8
194709 9
194713 9
194712 22
194714 11
194711 16
194715 10
194716 11
194719 7
194717 7
194721 9
194720 9
194722 9
194718 7
194724 12
194723 9
194725 12
194726 14
194728 13
194727 13
194731 14
194729 14
194730 14
194732 16
194733 16
194736 18
194734 15
194735 17
194738 7
194737 19
194740 6
194739 11
194741 8
194743 9
194745 10
194742 8
194744 9
194747 11
194748 11
194746 11
194749 12
194750 12
194751 13
194752 14
194753 14
194756 15
194757 15
194755 15
194754 14
194759 18
194760 10
194758 17
194761 12
194762 17
194763 11
194764 10
194765 11
194766 13
194767 13
194769 9
194768 13
194770 9
194771 11
194772 12
194773 14
194774 8
194776 11
194775 8
194778 13
194777 11
194779 7
194782 8
194781 7
194780 7
194783 9
194784 10
194786 10
194785 10
194787 10
194788 11
194789 12
194792 13
194790 13
194793 14
194791 13
194794 15
194795 16
194797 17
194798 22
194799 6
194800 12
194796 16
194801 15
194802 24
194803 14
194805 10
194804 13
194806 11
194810 6
194808 9
194807 12
194809 15
194811 8
194814 9
194812 8
194815 9
194813 8
194816 9
194818 10
194817 9
194819 10
194821 10
194820 10
194822 10
194824 12
194823 11
194825 12
194827 13
194828 13
194826 13
194830 14
194829 13
194831 15
194833 15
194832 15
194835 16
194834 16
194836 17
194837 20
194838 21
194841 8
194839 21
194840 8
194842 9
194843 11
194845 13
194846 15
194844 13
194847 16
194848 30
194849 18
194851 11
194850 11
194852 11
194853 14
194855 12
194854 10
194856 19
194857 4
194858 7
194860 9
194859 8
194861 10
194862 12
194864 14
194863 13
194865 18
194866 19
194867 10
194868 12
194869 9
194870 9
194871 11
194872 12
194874 11
194873 13
194875 14
194877 8
194876 21
194879 16
194878 11
194880 8
194881 8
194882 9
194883 9
194884 10
194885 10
194886 10
194887 10
194888 11
194889 12
194890 15
194892 6
194891 16
194893 8
194894 13
194895 13
194896 15
194898 8
194897 17
194900 12
194901 13
194899 9
194902 14
194905 14
194904 9
194903 10
194906 16
194910 15
194907 16
194911 16
194908 12
194909 15
194912 14
194914 15
194913 14
194915 15
194916 18
194918 16
194917 20
194920 18
194922 9
194919 17
194921 18
194923 8
194924 14
194925 15
194928 20
194927 15
194929 26
194930 12
194931 17
194932 12
194934 19
194935 24
194936 12
194926 15
194937 16
194938 9
194939 15
194940 16
194933 14
194941 14
194942 14
194943 17
194945 8
194944 7
194946 8
194947 10
194948 12
194950 13
194949 12
194951 14
194952 14
194954 16
194953 15
194955 11
194956 11
194957 13
194959 7
194958 14
194960 6
194961 6
194963 7
194962 8
194964 10
194965 7
194966 8
194968 8
194969 9
194967 9
194970 10
194971 11
194974 11
194973 11
194972 11
194976 12
194977 11
194978 11
194979 11
194980 12
194981 13
194982 14
194984 15
194983 15
194975 11
194985 15
194986 15
194988 15
194987 16
194989 17
194990 18
194991 18
194992 21
194993 21
194994 22
194995 9
194996 13
194997 17
194998 19
194999 10
195000 12
195001 12
195002 14
195003 15
195004 15
195005 15
195006 15
195007 16
195008 18
195009 16
195010 20
195011 16
195013 9
195012 6
195014 12
195015 12
195016 13
195017 16
195018 11
195019 26
195020 10
195021 11
195022 12
195023 14
195024 16
195025 22
195026 6
195027 13
195028 12
195029 13
195030 24
195031 10
195032 16
195033 16
195035 13
195034 12
195039 16
195036 15
195038 10
195037 9
195040 15
195041 16
195042 5
195043 10
195045 12
195044 12
195046 16
195047 13
195048 14
195049 15
195050 16
195052 20
195051 20
195053 26
195054 14
195057 18
195058 11
195059 14
195060 15
195062 17
195061 17
195063 17
195064 16
195065 19
195066 19
195067 19
195068 12
195069 13
195056 16
195055 16
195071 14
195070 13
195073 14
195072 17
195074 10
195076 16
195075 13
195077 18
195078 14
195079 17
195080 15
195081 16
195083 22
195082 20
195087 19
195084 17
195085 18
195086 18
195088 20
195089 22
195090 22
195091 27
195093 11
195092 17
195095 13
195096 8
195098 14
195097 18
195102 
195100 14
195101 23
195099 19
195103 
195094 21
